pose_id,feature_id,x,y,z,sigma_x,sigma_y,sigma_z
1,2,0.3281,-1.5358,1.0942,0.0030,0.0030,0.0030
1,12,1.2623,-2.8933,2.1313,0.0030,0.0030,0.0030
1,27,5.9852,-1.1658,2.8721,0.0030,0.0030,0.0030
1,32,4.9557,-2.2684,2.0249,0.0030,0.0030,0.0030
1,36,-2.3465,-1.6982,-0.0942,0.0030,0.0030,0.0030
1,37,0.8765,0.8627,0.4138,0.0030,0.0030,0.0030
1,41,2.5492,1.2681,0.7538,0.0030,0.0030,0.0030
1,42,0.6562,-0.7217,2.0814,0.0030,0.0030,0.0030
1,47,2.7144,2.2198,2.0438,0.0030,0.0030,0.0030
1,51,1.8883,2.1905,1.0864,0.0030,0.0030,0.0030
1,52,5.9000,-0.9409,0.1690,0.0030,0.0030,0.0030
1,56,-2.3975,1.5686,2.8452,0.0030,0.0030,0.0030
1,57,5.3566,0.8510,-0.8585,0.0030,0.0030,0.0030
1,61,-2.2642,1.0300,-0.3572,0.0030,0.0030,0.0030
1,66,-0.4982,2.5140,2.6661,0.0030,0.0030,0.0030
1,77,5.9152,-0.4156,1.7474,0.0030,0.0030,0.0030
1,81,-2.0569,1.8772,-0.4469,0.0030,0.0030,0.0030
1,82,1.2697,1.0554,1.1108,0.0030,0.0030,0.0030
1,91,-0.8229,-2.7845,1.8213,0.0030,0.0030,0.0030
1,101,0.5554,-2.3775,2.6710,0.0030,0.0030,0.0030
1,107,4.7999,1.5273,2.7469,0.0030,0.0030,0.0030
1,117,5.5767,-0.0386,1.8553,0.0030,0.0030,0.0030
1,121,-1.7427,-2.1005,-1.0574,0.0030,0.0030,0.0030
1,126,0.7286,-2.6224,0.6920,0.0030,0.0030,0.0030
1,136,0.8737,2.6153,2.8634,0.0030,0.0030,0.0030
1,147,0.9362,-2.2001,-0.9204,0.0030,0.0030,0.0030
1,161,2.4242,0.7604,2.7436,0.0030,0.0030,0.0030
1,166,2.7743,-0.7475,1.0886,0.0030,0.0030,0.0030
1,171,-2.4322,0.8807,-0.6343,0.0030,0.0030,0.0030
1,172,3.9349,-3.1135,2.6767,0.0030,0.0030,0.0030
1,177,3.6496,-3.3534,2.7368,0.0030,0.0030,0.0030
1,186,1.7371,2.3192,1.0046,0.0030,0.0030,0.0030
1,187,5.7600,-1.8136,2.2264,0.0030,0.0030,0.0030
1,192,0.4921,-1.6524,0.8510,0.0030,0.0030,0.0030
1,196,2.8641,0.1902,2.8927,0.0030,0.0030,0.0030
1,202,5.1007,0.8524,-0.0390,0.0030,0.0030,0.0030
1,211,-2.4422,-1.3918,2.8801,0.0030,0.0030,0.0030
1,212,1.5769,-3.1789,1.0289,0.0030,0.0030,0.0030
1,221,-0.6103,2.3669,2.1518,0.0030,0.0030,0.0030
1,226,0.5364,2.8029,2.9161,0.0030,0.0030,0.0030
1,227,0.7525,-1.3716,0.6555,0.0030,0.0030,0.0030
1,231,2.6593,-1.0265,1.5513,0.0030,0.0030,0.0030
1,237,0.6549,-0.6118,-1.4148,0.0030,0.0030,0.0030
1,242,4.2603,1.7982,-1.2258,0.0030,0.0030,0.0030
1,251,0.7432,2.4757,1.7841,0.0030,0.0030,0.0030
1,261,2.3465,-0.9202,2.7404,0.0030,0.0030,0.0030
1,276,2.5527,0.0162,-0.9168,0.0030,0.0030,0.0030
1,277,0.9348,-2.5353,-0.0410,0.0030,0.0030,0.0030
1,281,-0.5155,-2.7810,1.5528,0.0030,0.0030,0.0030
1,282,1.6346,1.4098,2.2065,0.0030,0.0030,0.0030
1,286,-2.2937,1.1034,-1.3465,0.0030,0.0030,0.0030
1,287,1.6353,-3.0275,1.7342,0.0030,0.0030,0.0030
1,291,0.2143,-2.7404,0.4075,0.0030,0.0030,0.0030
1,296,0.1171,2.8233,0.2100,0.0030,0.0030,0.0030
1,301,-0.1694,2.7295,-0.6419,0.0030,0.0030,0.0030
1,302,0.6879,0.7225,-1.0336,0.0030,0.0030,0.0030
1,307,5.5799,-1.7117,2.4559,0.0030,0.0030,0.0030
1,312,3.0398,2.0262,2.6377,0.0030,0.0030,0.0030
1,316,-0.4708,2.4058,2.5086,0.0030,0.0030,0.0030
1,317,0.4159,0.1823,-0.3843,0.0030,0.0030,0.0030
1,326,2.5888,-0.3524,-1.1180,0.0030,0.0030,0.0030
1,327,1.1571,1.0654,2.5866,0.0030,0.0030,0.0030
1,331,-0.3753,-2.7174,1.9791,0.0030,0.0030,0.0030
1,337,3.1140,2.2443,-0.9866,0.0030,0.0030,0.0030
1,342,6.0038,-1.3016,1.7840,0.0030,0.0030,0.0030
1,346,1.0947,-2.7180,-0.0076,0.0030,0.0030,0.0030
1,351,2.1548,-1.4040,0.8967,0.0030,0.0030,0.0030
1,366,2.7686,-0.9746,1.8925,0.0030,0.0030,0.0030
1,367,1.2144,-2.5212,1.4722,0.0030,0.0030,0.0030
1,376,1.5757,1.9368,2.5262,0.0030,0.0030,0.0030
1,377,5.5175,0.0041,-1.1627,0.0030,0.0030,0.0030
1,391,-2.4347,1.4860,-1.1608,0.0030,0.0030,0.0030
2,2,2.2711,-1.8270,1.2405,0.0030,0.0030,0.0030
2,3,0.2155,0.2813,2.5836,0.0030,0.0030,0.0030
2,12,2.8853,-0.2716,2.2573,0.0030,0.0030,0.0030
2,13,-4.1408,1.9902,-0.6349,0.0030,0.0030,0.0030
2,18,-4.0015,1.3644,2.7022,0.0030,0.0030,0.0030
2,22,-2.5944,-0.0153,2.4542,0.0030,0.0030,0.0030
2,27,-1.1883,2.6734,2.9630,0.0030,0.0030,0.0030
2,28,-2.6532,0.0343,2.4007,0.0030,0.0030,0.0030
2,30,-4.4626,-2.2445,0.1481,0.0030,0.0030,0.0030
2,32,0.3023,2.4240,2.1115,0.0030,0.0030,0.0030
2,35,-4.1063,1.4284,-0.3705,0.0030,0.0030,0.0030
2,36,3.9023,-3.9727,0.0724,0.0030,0.0030,0.0030
2,37,-0.0107,-2.7214,0.5712,0.0030,0.0030,0.0030
2,40,-0.1999,-2.8269,0.3267,0.0030,0.0030,0.0030
2,41,-1.2861,-1.5512,0.8953,0.0030,0.0030,0.0030
2,42,1.4257,-1.9985,2.2262,0.0030,0.0030,0.0030
2,47,-2.1732,-1.9364,2.1933,0.0030,0.0030,0.0030
2,48,-3.6786,1.7582,-1.1152,0.0030,0.0030,0.0030
2,51,-1.6852,-2.6159,1.2356,0.0030,0.0030,0.0030
2,52,-1.3307,2.4468,0.2647,0.0030,0.0030,0.0030
2,53,0.3405,4.8965,2.8676,0.0030,0.0030,0.0030
2,55,-4.1165,-2.5748,0.0499,0.0030,0.0030,0.0030
2,56,1.2261,-5.8000,3.0421,0.0030,0.0030,0.0030
2,57,-2.5111,0.9791,-0.7480,0.0030,0.0030,0.0030
2,61,1.5954,-5.4283,-0.1645,0.0030,0.0030,0.0030
2,62,1.3555,2.3427,0.8399,0.0030,0.0030,0.0030
2,66,-0.6250,-4.7610,2.8401,0.0030,0.0030,0.0030
2,67,1.6052,-2.0158,-0.8112,0.0030,0.0030,0.0030
2,68,-3.3068,0.5137,1.0847,0.0030,0.0030,0.0030
2,70,-2.2876,2.2196,2.8224,0.0030,0.0030,0.0030
2,72,-0.6386,-2.4448,0.8751,0.0030,0.0030,0.0030
2,73,-2.9397,0.4689,0.3134,0.0030,0.0030,0.0030
2,75,-4.9217,-0.1227,2.6666,0.0030,0.0030,0.0030
2,77,-1.7723,2.1872,1.8427,0.0030,0.0030,0.0030
2,80,0.2059,0.6531,2.6435,0.0030,0.0030,0.0030
2,81,0.7787,-5.7325,-0.2496,0.0030,0.0030,0.0030
2,82,-0.3999,-2.4950,1.2670,0.0030,0.0030,0.0030
2,91,3.9504,-2.0747,1.9686,0.0030,0.0030,0.0030
2,92,-1.0288,2.5341,0.2165,0.0030,0.0030,0.0030
2,95,-1.8751,1.8654,2.3748,0.0030,0.0030,0.0030
2,97,2.3351,-0.9953,2.7191,0.0030,0.0030,0.0030
2,98,0.6023,4.6781,2.7949,0.0030,0.0030,0.0030
2,100,-3.1441,1.6255,2.1729,0.0030,0.0030,0.0030
2,101,2.8540,-1.1450,2.7972,0.0030,0.0030,0.0030
2,105,-4.6988,0.7951,2.9116,0.0030,0.0030,0.0030
2,107,-2.7607,0.1854,2.8650,0.0030,0.0030,0.0030
2,110,-1.4084,-3.2253,0.8194,0.0030,0.0030,0.0030
2,112,-1.4411,1.9819,-1.1509,0.0030,0.0030,0.0030
2,115,-0.0833,0.3904,-0.9859,0.0030,0.0030,0.0030
2,117,-1.8996,1.6931,1.9507,0.0030,0.0030,0.0030
2,121,3.9038,-3.2533,-0.9018,0.0030,0.0030,0.0030
2,122,0.4982,-2.7992,0.7972,0.0030,0.0030,0.0030
2,123,-2.9634,4.5176,2.2084,0.0030,0.0030,0.0030
2,126,2.9612,-0.8940,0.8160,0.0030,0.0030,0.0030
2,127,2.2368,1.4160,-0.2424,0.0030,0.0030,0.0030
2,128,0.5464,4.2459,2.7945,0.0030,0.0030,0.0030
2,130,-4.8276,0.5394,2.2749,0.0030,0.0030,0.0030
2,136,-1.4707,-3.6858,3.0296,0.0030,0.0030,0.0030
2,137,-2.7042,-0.9814,0.6219,0.0030,0.0030,0.0030
2,142,-1.5326,2.5052,2.4644,0.0030,0.0030,0.0030
2,145,0.0225,0.1755,1.4038,0.0030,0.0030,0.0030
2,147,2.4874,-0.9833,-0.7889,0.0030,0.0030,0.0030
2,152,-0.0358,2.9001,-0.3477,0.0030,0.0030,0.0030
2,153,-1.3962,5.2990,-0.4977,0.0030,0.0030,0.0030
2,155,0.4967,-1.6596,-0.1742,0.0030,0.0030,0.0030
2,158,-4.1599,3.0826,2.1069,0.0030,0.0030,0.0030
2,161,-0.8001,-1.3519,2.8901,0.0030,0.0030,0.0030
2,162,2.8713,0.6759,1.1372,0.0030,0.0030,0.0030
2,165,-3.2395,1.8882,0.5159,0.0030,0.0030,0.0030
2,166,0.2522,-0.2314,1.2131,0.0030,0.0030,0.0030
2,170,-4.1056,1.1422,2.7885,0.0030,0.0030,0.0030
2,171,1.8130,-5.4905,-0.4521,0.0030,0.0030,0.0030
2,172,1.5698,2.0680,2.7736,0.0030,0.0030,0.0030
2,175,-4.3861,0.9761,2.0843,0.0030,0.0030,0.0030
2,177,1.9347,1.9550,2.8306,0.0030,0.0030,0.0030
2,180,0.5102,0.1353,1.4272,0.0030,0.0030,0.0030
2,182,0.3989,-2.8020,2.2603,0.0030,0.0030,0.0030
2,186,-1.7080,-2.8126,1.1587,0.0030,0.0030,0.0030
2,187,-0.5270,2.8483,2.3093,0.0030,0.0030,0.0030
2,192,2.2795,-1.6265,0.9914,0.0030,0.0030,0.0030
2,193,-2.0548,4.9601,-0.9411,0.0030,0.0030,0.0030
2,195,-4.7678,-2.2963,3.0019,0.0030,0.0030,0.0030
2,196,-0.5720,-0.6714,3.0227,0.0030,0.0030,0.0030
2,197,2.6323,0.5629,1.1546,0.0030,0.0030,0.0030
2,200,-0.3417,-2.3522,2.4510,0.0030,0.0030,0.0030
2,202,-2.3719,0.7781,0.0755,0.0030,0.0030,0.0030
2,205,-4.1923,-2.6638,-0.4563,0.0030,0.0030,0.0030
2,210,-1.8886,2.1066,2.8867,0.0030,0.0030,0.0030
2,211,3.7045,-4.1756,3.0550,0.0030,0.0030,0.0030
2,212,2.9442,0.1241,1.1424,0.0030,0.0030,0.0030
2,213,-2.3500,0.2490,2.8285,0.0030,0.0030,0.0030
2,217,-1.4697,-2.5222,1.9122,0.0030,0.0030,0.0030
2,221,-0.4309,-4.7707,2.3314,0.0030,0.0030,0.0030
2,222,2.5120,-1.5110,-0.8905,0.0030,0.0030,0.0030
2,223,0.8925,1.5326,2.0858,0.0030,0.0030,0.0030
2,226,-1.4427,-4.0657,3.0903,0.0030,0.0030,0.0030
2,227,1.9070,-1.5670,0.8003,0.0030,0.0030,0.0030
2,228,-3.7520,3.9634,1.2024,0.0030,0.0030,0.0030
2,230,-0.5486,-3.0441,0.8766,0.0030,0.0030,0.0030
2,231,0.5550,-0.1816,1.6782,0.0030,0.0030,0.0030
2,232,-0.8661,-2.8329,2.2048,0.0030,0.0030,0.0030
2,233,1.5881,1.8517,-0.7291,0.0030,0.0030,0.0030
2,237,1.3338,-2.1090,-1.2615,0.0030,0.0030,0.0030
2,242,-2.6809,-0.4650,-1.0929,0.0030,0.0030,0.0030
2,243,-2.4648,0.2137,2.8552,0.0030,0.0030,0.0030
2,245,-4.6168,-1.9807,0.2309,0.0030,0.0030,0.0030
2,247,-2.5265,-0.7318,2.2286,0.0030,0.0030,0.0030
2,248,-2.1774,0.0369,2.9413,0.0030,0.0030,0.0030
2,251,-1.2787,-3.7175,1.9508,0.0030,0.0030,0.0030
2,252,1.6918,2.0437,-0.7683,0.0030,0.0030,0.0030
2,253,1.0740,3.5165,2.3768,0.0030,0.0030,0.0030
2,257,-2.1022,-1.8290,2.0828,0.0030,0.0030,0.0030
2,261,0.6460,-0.4746,2.8664,0.0030,0.0030,0.0030
2,262,2.6923,0.8263,0.2009,0.0030,0.0030,0.0030
2,263,-3.9072,2.3771,0.9076,0.0030,0.0030,0.0030
2,267,-1.6083,-1.8569,1.9360,0.0030,0.0030,0.0030
2,273,1.4213,2.9501,2.5215,0.0030,0.0030,0.0030
2,276,-0.2489,-0.8738,-0.7806,0.0030,0.0030,0.0030
2,277,2.7740,-0.7862,0.0859,0.0030,0.0030,0.0030
2,278,0.5518,4.7227,0.4852,0.0030,0.0030,0.0030
2,280,-0.9196,-2.7556,1.7761,0.0030,0.0030,0.0030
2,281,3.7775,-1.8299,1.6972,0.0030,0.0030,0.0030
2,282,-0.8978,-2.3791,2.3506,0.0030,0.0030,0.0030
2,283,-3.8396,3.7336,1.1270,0.0030,0.0030,0.0030
2,285,-1.6367,-3.1145,2.0694,0.0030,0.0030,0.0030
2,286,1.5558,-5.5025,-1.1539,0.0030,0.0030,0.0030
2,287,2.7899,0.1055,1.8566,0.0030,0.0030,0.0030
2,290,-4.8008,-0.6876,2.6474,0.0030,0.0030,0.0030
2,291,3.3392,-1.2588,0.5442,0.0030,0.0030,0.0030
2,292,-0.6150,-2.8641,2.4282,0.0030,0.0030,0.0030
2,293,-3.6765,4.2746,-0.4487,0.0030,0.0030,0.0030
2,295,-1.4154,-3.2761,-1.2189,0.0030,0.0030,0.0030
2,296,-1.2164,-4.4533,0.3831,0.0030,0.0030,0.0030
2,297,2.7173,0.2549,1.9831,0.0030,0.0030,0.0030
2,301,-0.9840,-4.6448,-0.4716,0.0030,0.0030,0.0030
2,302,0.2086,-2.8172,-0.8789,0.0030,0.0030,0.0030
2,305,-3.9168,1.2470,1.6923,0.0030,0.0030,0.0030
2,307,-0.5198,2.6534,2.5456,0.0030,0.0030,0.0030
2,308,-0.8372,-0.3192,2.3356,0.0030,0.0030,0.0030
2,310,-4.6406,-1.4350,-0.7726,0.0030,0.0030,0.0030
2,312,-2.1905,-1.5567,2.7675,0.0030,0.0030,0.0030
2,313,-0.8056,5.1192,1.6227,0.0030,0.0030,0.0030
2,315,-0.4597,-2.7194,2.4112,0.0030,0.0030,0.0030
2,316,-0.5457,-4.6706,2.6799,0.0030,0.0030,0.0030
2,317,0.8030,-2.7310,-0.2288,0.0030,0.0030,0.0030
2,318,-0.8926,-0.2779,-1.0524,0.0030,0.0030,0.0030
2,322,-2.2676,1.2096,1.5797,0.0030,0.0030,0.0030
2,323,0.3634,4.4158,2.0011,0.0030,0.0030,0.0030
2,326,0.0318,-0.6450,-0.9957,0.0030,0.0030,0.0030
2,327,-0.3281,-2.5761,2.7396,0.0030,0.0030,0.0030
2,328,-0.3075,4.8732,2.7165,0.0030,0.0030,0.0030
2,331,3.6521,-1.7433,2.1112,0.0030,0.0030,0.0030
2,332,-0.2946,-2.8055,0.4641,0.0030,0.0030,0.0030
2,335,-5.1508,-1.0866,2.4584,0.0030,0.0030,0.0030
2,337,-2.4161,-1.6544,-0.8473,0.0030,0.0030,0.0030
2,342,-1.0840,2.7588,1.8766,0.0030,0.0030,0.0030
2,343,0.8269,3.9199,2.1307,0.0030,0.0030,0.0030
2,346,2.8287,-0.5410,0.1154,0.0030,0.0030,0.0030
2,347,0.4912,-2.5023,-1.2401,0.0030,0.0030,0.0030
2,351,1.1540,-0.3825,1.0242,0.0030,0.0030,0.0030
2,353,-3.7915,2.6939,2.7700,0.0030,0.0030,0.0030
2,357,2.6686,0.5977,1.9310,0.0030,0.0030,0.0030
2,360,-1.7130,2.0631,2.8905,0.0030,0.0030,0.0030
2,362,2.6741,-1.0415,2.8793,0.0030,0.0030,0.0030
2,365,-3.8217,-3.1920,2.0253,0.0030,0.0030,0.0030
2,366,0.4476,-0.1028,2.0088,0.0030,0.0030,0.0030
2,367,2.5924,-0.5411,1.6055,0.0030,0.0030,0.0030
2,372,-1.8917,-1.7040,1.9179,0.0030,0.0030,0.0030
2,373,1.4305,2.4688,0.6283,0.0030,0.0030,0.0030
2,376,-1.3026,-2.7181,2.6788,0.0030,0.0030,0.0030
2,377,-1.9021,1.5889,-1.0603,0.0030,0.0030,0.0030
2,380,0.0836,0.7871,2.8954,0.0030,0.0030,0.0030
2,383,1.4328,3.4199,2.5087,0.0030,0.0030,0.0030
2,391,1.3233,-5.8416,-0.9626,0.0030,0.0030,0.0030
2,392,2.4968,0.1227,-0.6278,0.0030,0.0030,0.0030
2,395,-0.6686,-3.0746,-0.6131,0.0030,0.0030,0.0030
2,397,2.4697,0.0958,2.6655,0.0030,0.0030,0.0030
2,398,1.1958,1.4705,2.8956,0.0030,0.0030,0.0030
3,3,0.1422,2.7684,2.4509,0.0030,0.0030,0.0030
3,8,-1.0091,-2.3456,-0.8556,0.0030,0.0030,0.0030
3,9,4.4997,-1.0952,-0.4663,0.0030,0.0030,0.0030
3,10,0.2555,2.7889,2.6538,0.0030,0.0030,0.0030
3,13,2.7028,-1.1728,-0.7303,0.0030,0.0030,0.0030
3,14,5.5225,-3.6255,2.0854,0.0030,0.0030,0.0030
3,18,2.9149,-0.5854,2.6113,0.0030,0.0030,0.0030
3,23,2.6802,0.6982,0.9478,0.0030,0.0030,0.0030
3,28,2.6053,1.2915,2.3052,0.0030,0.0030,0.0030
3,29,1.8306,-1.2444,2.6096,0.0030,0.0030,0.0030
3,33,1.5795,2.0077,0.0396,0.0030,0.0030,0.0030
3,44,0.4572,-5.0175,-0.2851,0.0030,0.0030,0.0030
3,48,2.4618,-0.7022,-1.2208,0.0030,0.0030,0.0030
3,53,-2.6766,-0.8843,2.6851,0.0030,0.0030,0.0030
3,54,1.6256,-1.2888,2.9131,0.0030,0.0030,0.0030
3,55,5.3530,2.5359,-0.0006,0.0030,0.0030,0.0030
3,58,0.4913,2.5407,-1.2276,0.0030,0.0030,0.0030
3,59,5.6010,-2.8744,2.4178,0.0030,0.0030,0.0030
3,60,1.8926,4.9301,2.3569,0.0030,0.0030,0.0030
3,62,-1.9744,1.7685,0.6740,0.0030,0.0030,0.0030
3,63,1.7033,1.9131,1.2753,0.0030,0.0030,0.0030
3,68,2.8652,0.5089,0.9943,0.0030,0.0030,0.0030
3,69,1.1534,-5.9538,2.9317,0.0030,0.0030,0.0030
3,70,1.0141,-0.2679,2.6997,0.0030,0.0030,0.0030
3,73,2.6132,0.7636,0.2151,0.0030,0.0030,0.0030
3,74,5.3980,-2.9753,2.2145,0.0030,0.0030,0.0030
3,80,-0.0769,2.4590,2.5115,0.0030,0.0030,0.0030
3,83,-1.2033,-2.5655,2.6756,0.0030,0.0030,0.0030
3,85,4.4615,4.2684,1.6990,0.0030,0.0030,0.0030
3,92,-0.1478,0.2178,0.0815,0.0030,0.0030,0.0030
3,93,-0.5282,-2.4521,1.4519,0.0030,0.0030,0.0030
3,98,-2.7670,-0.5523,2.6158,0.0030,0.0030,0.0030
3,100,2.0694,-0.2881,2.0629,0.0030,0.0030,0.0030
3,103,0.4513,-2.7388,-0.7186,0.0030,0.0030,0.0030
3,105,3.8049,-0.5421,2.8357,0.0030,0.0030,0.0030
3,108,-2.8153,0.4935,1.8929,0.0030,0.0030,0.0030
3,109,5.4002,-2.1048,2.5229,0.0030,0.0030,0.0030
3,115,0.3681,2.5002,-1.1163,0.0030,0.0030,0.0030
3,118,1.7944,2.3071,2.2337,0.0030,0.0030,0.0030
3,119,5.8895,-4.3197,2.3608,0.0030,0.0030,0.0030
3,120,1.9982,-0.2470,-0.4051,0.0030,0.0030,0.0030
3,123,0.2212,-2.5301,2.0781,0.0030,0.0030,0.0030
3,127,-2.1233,3.0422,-0.4053,0.0030,0.0030,0.0030
3,128,-2.4669,-0.2450,2.6194,0.0030,0.0030,0.0030
3,130,4.0672,-0.4057,2.2061,0.0030,0.0030,0.0030
3,134,0.7877,-4.4564,-1.1786,0.0030,0.0030,0.0030
3,135,1.8314,-0.3228,1.7878,0.0030,0.0030,0.0030
3,138,-1.6567,1.9177,2.2851,0.0030,0.0030,0.0030
3,142,0.2484,-0.0562,2.3240,0.0030,0.0030,0.0030
3,143,-1.8090,1.9615,2.1189,0.0030,0.0030,0.0030
3,144,5.8836,-4.3847,2.4868,0.0030,0.0030,0.0030
3,148,1.3808,-2.1874,2.6693,0.0030,0.0030,0.0030
3,150,5.4958,3.0751,2.6412,0.0030,0.0030,0.0030
3,152,-1.1522,0.5014,-0.5009,0.0030,0.0030,0.0030
3,153,-1.4649,-2.2328,-0.6589,0.0030,0.0030,0.0030
3,155,1.0886,4.5094,-0.2894,0.0030,0.0030,0.0030
3,158,2.0367,-2.0668,1.9935,0.0030,0.0030,0.0030
3,160,0.1866,3.2237,2.5933,0.0030,0.0030,0.0030
3,163,-0.0388,-2.6915,1.5374,0.0030,0.0030,0.0030
3,165,2.0217,-0.5653,0.4097,0.0030,0.0030,0.0030
3,169,5.0575,-5.4279,-1.0210,0.0030,0.0030,0.0030
3,170,3.1212,-0.4700,2.7034,0.0030,0.0030,0.0030
3,173,2.4166,-0.8440,0.6320,0.0030,0.0030,0.0030
3,174,2.3576,-1.0895,2.0897,0.0030,0.0030,0.0030
3,175,3.4571,-0.4930,2.0039,0.0030,0.0030,0.0030
3,182,1.8073,5.3764,2.1519,0.0030,0.0030,0.0030
3,183,-0.0445,2.6893,2.4840,0.0030,0.0030,0.0030
3,184,4.2384,-1.5488,2.4078,0.0030,0.0030,0.0030
3,185,3.2700,4.9128,2.0572,0.0030,0.0030,0.0030
3,189,2.5224,-1.0724,2.7535,0.0030,0.0030,0.0030
3,190,0.0474,2.3871,-1.0568,0.0030,0.0030,0.0030
3,193,-0.7208,-2.3508,-1.0944,0.0030,0.0030,0.0030
3,194,3.0811,-6.3095,1.5612,0.0030,0.0030,0.0030
3,198,0.7433,2.8008,-0.7506,0.0030,0.0030,0.0030
3,199,5.7256,-2.4889,2.6974,0.0030,0.0030,0.0030
3,200,2.1321,4.5693,2.3481,0.0030,0.0030,0.0030
3,208,0.8967,2.7724,0.4995,0.0030,0.0030,0.0030
3,209,0.6121,-4.7868,0.3027,0.0030,0.0030,0.0030
3,210,0.7648,0.0550,2.7646,0.0030,0.0030,0.0030
3,213,2.2214,1.2891,2.7353,0.0030,0.0030,0.0030
3,215,4.0816,-0.0315,2.3133,0.0030,0.0030,0.0030
3,220,0.2967,1.5261,1.9446,0.0030,0.0030,0.0030
3,223,-1.1440,2.1622,1.9367,0.0030,0.0030,0.0030
3,225,2.9945,-0.7061,-0.4585,0.0030,0.0030,0.0030
3,228,1.1981,-2.5414,1.0820,0.0030,0.0030,0.0030
3,229,5.6995,-4.7385,1.2143,0.0030,0.0030,0.0030
3,232,2.8398,4.6511,2.1061,0.0030,0.0030,0.0030
3,233,-1.8467,2.2984,-0.8926,0.0030,0.0030,0.0030
3,235,3.6862,4.5685,2.1724,0.0030,0.0030,0.0030
3,238,-2.0959,-1.4521,0.1087,0.0030,0.0030,0.0030
3,239,1.8383,-1.2020,3.0023,0.0030,0.0030,0.0030
3,240,1.5040,-0.1290,-1.3386,0.0030,0.0030,0.0030
3,243,2.3331,1.2505,2.7617,0.0030,0.0030,0.0030
3,245,5.4069,1.7639,0.1803,0.0030,0.0030,0.0030
3,247,2.9512,1.9774,2.1297,0.0030,0.0030,0.0030
3,248,2.2133,1.5652,2.8348,0.0030,0.0030,0.0030
3,249,4.1438,-5.9342,-0.7727,0.0030,0.0030,0.0030
3,253,-2.4632,0.6587,2.2018,0.0030,0.0030,0.0030
3,254,2.2239,-6.3752,1.4377,0.0030,0.0030,0.0030
3,255,0.5501,3.9606,-0.7489,0.0030,0.0030,0.0030
3,258,1.3888,2.5128,0.8067,0.0030,0.0030,0.0030
3,259,3.6738,-6.5169,2.9607,0.0030,0.0030,0.0030
3,260,0.2584,1.9767,2.5615,0.0030,0.0030,0.0030
3,262,-2.1521,3.7848,0.0304,0.0030,0.0030,0.0030
3,263,2.2686,-1.3516,0.8038,0.0030,0.0030,0.0030
3,269,2.8683,-6.2070,1.4528,0.0030,0.0030,0.0030
3,270,4.4838,-0.2705,-0.2523,0.0030,0.0030,0.0030
3,273,-2.4109,1.3262,2.3451,0.0030,0.0030,0.0030
3,278,-2.7141,-0.6195,0.3047,0.0030,0.0030,0.0030
3,279,0.1931,-4.0953,2.6593,0.0030,0.0030,0.0030
3,280,2.8487,4.5589,1.6841,0.0030,0.0030,0.0030
3,283,1.4081,-2.4017,1.0029,0.0030,0.0030,0.0030
3,284,0.9731,-1.8992,2.4029,0.0030,0.0030,0.0030
3,288,-1.9287,-2.1094,2.3100,0.0030,0.0030,0.0030
3,289,2.5402,-1.2977,2.8170,0.0030,0.0030,0.0030
3,292,2.6542,4.8297,2.3309,0.0030,0.0030,0.0030
3,293,0.9777,-2.7438,-0.5775,0.0030,0.0030,0.0030
3,295,3.6003,4.6902,-1.3022,0.0030,0.0030,0.0030
3,299,4.3701,-1.0417,-0.2092,0.0030,0.0030,0.0030
3,303,-1.5844,2.2277,2.6972,0.0030,0.0030,0.0030
3,305,2.9310,-0.4380,1.6073,0.0030,0.0030,0.0030
3,308,1.3427,2.6444,2.2134,0.0030,0.0030,0.0030
3,313,-1.8748,-1.7427,1.4555,0.0030,0.0030,0.0030
3,318,1.4156,2.5663,-1.1695,0.0030,0.0030,0.0030
3,322,1.6115,0.5632,1.4693,0.0030,0.0030,0.0030
3,323,-2.4036,-0.4858,1.8212,0.0030,0.0030,0.0030
3,324,2.9458,-6.2838,2.5255,0.0030,0.0030,0.0030
3,328,-2.1444,-1.2585,2.5421,0.0030,0.0030,0.0030
3,330,3.5891,4.6780,2.7043,0.0030,0.0030,0.0030
3,332,2.3954,4.9673,0.3610,0.0030,0.0030,0.0030
3,333,-0.8284,2.4931,2.7734,0.0030,0.0030,0.0030
3,334,3.2235,-6.3292,1.2926,0.0030,0.0030,0.0030
3,335,5.2732,0.7181,2.4031,0.0030,0.0030,0.0030
3,338,-0.5604,2.6174,1.2585,0.0030,0.0030,0.0030
3,340,3.6833,4.7980,2.8283,0.0030,0.0030,0.0030
3,343,-2.4983,0.1764,1.9525,0.0030,0.0030,0.0030
3,347,1.6085,5.1882,-1.3484,0.0030,0.0030,0.0030
3,348,-2.4731,1.2361,2.3185,0.0030,0.0030,0.0030
3,349,2.7767,-1.2582,-0.3256,0.0030,0.0030,0.0030
3,350,2.3107,4.8208,2.6603,0.0030,0.0030,0.0030
3,353,1.9592,-1.5345,2.6642,0.0030,0.0030,0.0030
3,354,1.0894,-1.6386,2.9285,0.0030,0.0030,0.0030
3,355,0.3887,1.1491,-0.6699,0.0030,0.0030,0.0030
3,357,-2.0234,3.9534,1.7582,0.0030,0.0030,0.0030
3,362,-1.0761,5.2874,2.7252,0.0030,0.0030,0.0030
3,363,2.2308,1.4888,0.4628,0.0030,0.0030,0.0030
3,364,4.3668,-6.2790,1.1680,0.0030,0.0030,0.0030
3,365,5.4506,3.2086,1.9763,0.0030,0.0030,0.0030
3,370,4.7409,0.2124,-0.7620,0.0030,0.0030,0.0030
3,372,3.0152,3.1423,1.8308,0.0030,0.0030,0.0030
3,373,-2.1078,1.7138,0.4588,0.0030,0.0030,0.0030
3,374,5.2767,-2.5790,2.8997,0.0030,0.0030,0.0030
3,378,2.6651,1.2504,1.6977,0.0030,0.0030,0.0030
3,379,2.9800,-6.1578,2.5645,0.0030,0.0030,0.0030
3,383,-2.6935,0.9403,2.3283,0.0030,0.0030,0.0030
3,384,0.7201,-2.0881,-1.1581,0.0030,0.0030,0.0030
3,388,1.6594,-2.0986,0.5720,0.0030,0.0030,0.0030
3,393,1.8745,-1.9681,0.2187,0.0030,0.0030,0.0030
3,395,2.8763,4.9689,-0.6959,0.0030,0.0030,0.0030
3,397,-1.5846,4.2468,2.4986,0.0030,0.0030,0.0030
3,398,-1.3469,2.3825,2.7354,0.0030,0.0030,0.0030
3,399,5.8321,-3.5931,2.1518,0.0030,0.0030,0.0030
3,400,4.9217,4.0527,-0.5763,0.0030,0.0030,0.0030
4,9,2.3368,1.8073,-0.6430,0.0030,0.0030,0.0030
4,14,2.2772,-0.9191,1.9039,0.0030,0.0030,0.0030
4,23,1.4161,4.1859,0.7946,0.0030,0.0030,0.0030
4,29,-0.1141,2.7511,2.4771,0.0030,0.0030,0.0030
4,33,0.9392,5.8305,-0.1020,0.0030,0.0030,0.0030
4,44,-2.9572,-0.1274,-0.3683,0.0030,0.0030,0.0030
4,54,-0.3103,2.7893,2.7879,0.0030,0.0030,0.0030
4,58,0.1294,6.7665,-1.3470,0.0030,0.0030,0.0030
4,59,2.6619,-0.2680,2.2246,0.0030,0.0030,0.0030
4,63,1.0236,5.6890,1.1357,0.0030,0.0030,0.0030
4,69,-2.6433,-1.2794,2.8314,0.0030,0.0030,0.0030
4,74,2.4324,-0.2875,2.0207,0.0030,0.0030,0.0030
4,83,-3.4171,2.7788,2.6079,0.0030,0.0030,0.0030
4,93,-2.7786,2.6134,1.3725,0.0030,0.0030,0.0030
4,108,-3.6711,6.2296,1.8400,0.0030,0.0030,0.0030
4,109,2.8050,0.5136,2.3376,0.0030,0.0030,0.0030
4,118,1.2885,6.0090,2.0996,0.0030,0.0030,0.0030
4,119,2.3314,-1.7087,2.1602,0.0030,0.0030,0.0030
4,134,-2.4418,0.2565,-1.2848,0.0030,0.0030,0.0030
4,138,-2.0197,7.0564,2.2144,0.0030,0.0030,0.0030
4,143,-2.1388,7.1617,2.0384,0.0030,0.0030,0.0030
4,144,2.3076,-1.7683,2.3066,0.0030,0.0030,0.0030
4,148,-0.9086,2.0726,2.5551,0.0030,0.0030,0.0030
4,163,-2.4328,2.1920,1.4411,0.0030,0.0030,0.0030
4,169,1.0701,-2.3723,-1.1975,0.0030,0.0030,0.0030
4,173,0.5536,2.8887,0.4921,0.0030,0.0030,0.0030
4,174,0.4188,2.6747,1.9575,0.0030,0.0030,0.0030
4,183,-0.2304,7.1010,2.3716,0.0030,0.0030,0.0030
4,184,1.9603,1.4956,2.2380,0.0030,0.0030,0.0030
4,189,0.5838,2.6235,2.6088,0.0030,0.0030,0.0030
4,194,-1.0546,-2.3794,1.4325,0.0030,0.0030,0.0030
4,198,0.4726,6.8956,-0.8781,0.0030,0.0030,0.0030
4,199,2.9330,0.0251,2.5051,0.0030,0.0030,0.0030
4,208,0.6260,6.8050,0.3745,0.0030,0.0030,0.0030
4,209,-2.7160,0.0114,0.2084,0.0030,0.0030,0.0030
4,229,1.9747,-2.0191,1.0327,0.0030,0.0030,0.0030
4,239,-0.0800,2.7893,2.8718,0.0030,0.0030,0.0030
4,249,0.0252,-2.4592,-0.9260,0.0030,0.0030,0.0030
4,254,-1.8673,-2.0974,1.3193,0.0030,0.0030,0.0030
4,259,-0.5708,-2.8182,2.8124,0.0030,0.0030,0.0030
4,269,-1.2119,-2.1999,1.3208,0.0030,0.0030,0.0030
4,279,-2.7674,0.8075,2.5795,0.0030,0.0030,0.0030
4,284,-1.1628,2.4978,2.2885,0.0030,0.0030,0.0030
4,288,-3.9096,3.4887,2.2485,0.0030,0.0030,0.0030
4,289,0.5143,2.4136,2.6746,0.0030,0.0030,0.0030
4,299,2.2370,1.9168,-0.3876,0.0030,0.0030,0.0030
4,303,-1.8187,7.3102,2.6086,0.0030,0.0030,0.0030
4,324,-1.1500,-2.3156,2.3975,0.0030,0.0030,0.0030
4,333,-1.0199,7.2328,2.6809,0.0030,0.0030,0.0030
4,334,-0.9347,-2.4587,1.1545,0.0030,0.0030,0.0030
4,338,-0.7448,7.2601,1.1605,0.0030,0.0030,0.0030
4,349,0.6879,2.3608,-0.4671,0.0030,0.0030,0.0030
4,354,-0.9466,2.6805,2.8176,0.0030,0.0030,0.0030
4,363,1.3211,5.0858,0.3222,0.0030,0.0030,0.0030
4,364,0.1354,-2.8793,1.0052,0.0030,0.0030,0.0030
4,374,2.4998,0.1257,2.7050,0.0030,0.0030,0.0030
4,378,1.6444,4.6962,1.5479,0.0030,0.0030,0.0030
4,379,-1.0658,-2.2129,2.4298,0.0030,0.0030,0.0030
4,384,-1.5396,2.4400,-1.2616,0.0030,0.0030,0.0030
4,399,2.5774,-1.0216,1.9560,0.0030,0.0030,0.0030
5,3,0.3098,2.6672,2.5476,0.0030,0.0030,0.0030
5,8,-4.9505,3.1529,-0.6880,0.0030,0.0030,0.0030
5,10,0.3559,2.5505,2.7404,0.0030,0.0030,0.0030
5,13,-3.2658,-0.3563,-0.6534,0.0030,0.0030,0.0030
5,18,-2.6196,-0.5434,2.6825,0.0030,0.0030,0.0030
5,22,-0.7457,0.0526,2.4126,0.0030,0.0030,0.0030
5,28,-0.8198,0.0251,2.3631,0.0030,0.0030,0.0030
5,30,0.3144,-2.6348,0.0791,0.0030,0.0030,0.0030
5,35,-2.7624,-0.5875,-0.3993,0.0030,0.0030,0.0030
5,40,2.8311,0.8608,0.2463,0.0030,0.0030,0.0030
5,55,0.7727,-2.4836,-0.0241,0.0030,0.0030,0.0030
5,60,2.6916,1.2297,2.3890,0.0030,0.0030,0.0030
5,67,2.9570,2.8369,-0.8719,0.0030,0.0030,0.0030
5,70,-2.5727,1.3691,2.8049,0.0030,0.0030,0.0030
5,72,2.3063,0.6500,0.8131,0.0030,0.0030,0.0030
5,75,-1.7314,-2.0508,2.6285,0.0030,0.0030,0.0030
5,80,-0.0235,2.8406,2.6098,0.0030,0.0030,0.0030
5,85,2.3870,-1.3919,1.6802,0.0030,0.0030,0.0030
5,92,-2.2837,2.6446,0.2023,0.0030,0.0030,0.0030
5,95,-2.0713,1.5789,2.3619,0.0030,0.0030,0.0030
5,97,2.4314,3.9450,2.6672,0.0030,0.0030,0.0030
5,100,-2.4568,0.3427,2.1499,0.0030,0.0030,0.0030
5,103,-5.1417,1.6557,-0.5736,0.0030,0.0030,0.0030
5,105,-2.4466,-1.4309,2.8830,0.0030,0.0030,0.0030
5,110,2.6290,-0.3973,0.7433,0.0030,0.0030,0.0030
5,112,-2.0021,2.0322,-1.1700,0.0030,0.0030,0.0030
5,115,0.0322,2.4777,-1.0221,0.0030,0.0030,0.0030
5,120,-2.4560,0.4690,-0.3196,0.0030,0.0030,0.0030
5,122,3.1467,1.4830,0.7189,0.0030,0.0030,0.0030
5,123,-4.9202,1.8520,2.2316,0.0030,0.0030,0.0030
5,128,-3.0331,4.8207,2.8009,0.0030,0.0030,0.0030
5,130,-2.2873,-1.6579,2.2417,0.0030,0.0030,0.0030
5,135,-2.5243,0.5748,1.8754,0.0030,0.0030,0.0030
5,137,0.0296,-0.4848,0.5768,0.0030,0.0030,0.0030
5,142,-2.4700,2.1675,2.4505,0.0030,0.0030,0.0030
5,145,0.2999,2.4573,1.3614,0.0030,0.0030,0.0030
5,150,1.3560,-2.5905,2.6123,0.0030,0.0030,0.0030
5,155,2.1339,2.0227,-0.2323,0.0030,0.0030,0.0030
5,158,-4.2198,0.1254,2.0997,0.0030,0.0030,0.0030
5,160,0.7632,2.6903,2.6883,0.0030,0.0030,0.0030
5,162,1.2048,5.2126,1.0995,0.0030,0.0030,0.0030
5,165,-2.7533,0.3785,0.4961,0.0030,0.0030,0.0030
5,170,-2.4754,-0.7440,2.7618,0.0030,0.0030,0.0030
5,175,-2.4613,-1.0693,2.0538,0.0030,0.0030,0.0030
5,180,0.5749,2.8692,1.3909,0.0030,0.0030,0.0030
5,182,3.1237,1.3879,2.1853,0.0030,0.0030,0.0030
5,185,2.8607,-0.1156,2.0535,0.0030,0.0030,0.0030
5,190,-0.1198,2.7711,-0.9466,0.0030,0.0030,0.0030
5,195,0.2546,-2.9395,2.9334,0.0030,0.0030,0.0030
5,197,1.1885,4.9412,1.1138,0.0030,0.0030,0.0030
5,200,2.3805,0.9445,2.3887,0.0030,0.0030,0.0030
5,205,0.8165,-2.5830,-0.5305,0.0030,0.0030,0.0030
5,210,-2.2803,1.6609,2.8729,0.0030,0.0030,0.0030
5,213,-0.8607,0.3920,2.7894,0.0030,0.0030,0.0030
5,215,-1.9081,-1.6228,2.3583,0.0030,0.0030,0.0030
5,217,1.9851,-0.1297,1.8352,0.0030,0.0030,0.0030
5,220,-0.8996,2.3524,2.0430,0.0030,0.0030,0.0030
5,222,2.9349,3.8686,-0.9405,0.0030,0.0030,0.0030
5,225,-2.7777,-0.5810,-0.3918,0.0030,0.0030,0.0030
5,230,2.8737,0.4432,0.8027,0.0030,0.0030,0.0030
5,232,2.5488,0.2620,2.1267,0.0030,0.0030,0.0030
5,235,2.5922,-0.5928,2.1592,0.0030,0.0030,0.0030
5,238,-4.2010,4.3434,0.3048,0.0030,0.0030,0.0030
5,240,-2.4157,0.9951,-1.2350,0.0030,0.0030,0.0030
5,245,0.0169,-2.6456,0.1715,0.0030,0.0030,0.0030
5,252,-0.5866,4.8216,-0.7853,0.0030,0.0030,0.0030
5,253,-2.1450,4.9564,2.3721,0.0030,0.0030,0.0030
5,255,1.5036,2.4909,-0.6690,0.0030,0.0030,0.0030
5,257,1.0813,-0.3642,2.0178,0.0030,0.0030,0.0030
5,258,0.2088,1.4308,0.8771,0.0030,0.0030,0.0030
5,260,-0.4528,2.4383,2.6604,0.0030,0.0030,0.0030
5,263,-3.4899,0.0225,0.8987,0.0030,0.0030,0.0030
5,267,1.3315,0.0675,1.8759,0.0030,0.0030,0.0030
5,270,-2.1344,-2.0001,-0.2237,0.0030,0.0030,0.0030
5,278,-3.4726,5.0670,0.4987,0.0030,0.0030,0.0030
5,280,2.4480,0.2469,1.7045,0.0030,0.0030,0.0030
5,285,2.4446,-0.5497,1.9876,0.0030,0.0030,0.0030
5,290,-1.1790,-2.2069,2.5940,0.0030,0.0030,0.0030
5,292,2.7006,0.4669,2.3493,0.0030,0.0030,0.0030
5,295,2.6488,-0.4094,-1.3046,0.0030,0.0030,0.0030
5,297,1.5125,4.8654,1.9479,0.0030,0.0030,0.0030
5,305,-2.4917,-0.5300,1.6734,0.0030,0.0030,0.0030
5,310,-0.4923,-2.4091,-0.8311,0.0030,0.0030,0.0030
5,313,-4.4479,4.0391,1.6420,0.0030,0.0030,0.0030
5,315,2.6516,0.6737,2.3388,0.0030,0.0030,0.0030
5,318,0.2481,1.4513,-1.1035,0.0030,0.0030,0.0030
5,322,-1.6868,0.9165,1.5527,0.0030,0.0030,0.0030
5,323,-3.2697,4.7463,2.0095,0.0030,0.0030,0.0030
5,330,2.6927,-0.4837,2.7000,0.0030,0.0030,0.0030
5,332,2.7733,0.7814,0.3868,0.0030,0.0030,0.0030
5,335,-0.9999,-2.7090,2.4042,0.0030,0.0030,0.0030
5,340,2.8187,-0.5675,2.8135,0.0030,0.0030,0.0030
5,348,-1.5674,5.0313,2.4885,0.0030,0.0030,0.0030
5,350,2.6427,0.7953,2.6868,0.0030,0.0030,0.0030
5,353,-3.6940,0.2663,2.7642,0.0030,0.0030,0.0030
5,355,-1.2888,2.2589,-0.5647,0.0030,0.0030,0.0030
5,360,-2.1687,1.7996,2.8731,0.0030,0.0030,0.0030
5,365,1.4776,-2.5241,1.9458,0.0030,0.0030,0.0030
5,370,-1.6198,-2.1804,-0.7391,0.0030,0.0030,0.0030
5,372,1.0731,-0.1151,1.8640,0.0030,0.0030,0.0030
5,373,-1.0730,4.7861,0.6156,0.0030,0.0030,0.0030
5,380,-0.1954,2.7914,2.8617,0.0030,0.0030,0.0030
5,383,-1.8863,5.2213,2.5069,0.0030,0.0030,0.0030
5,388,-4.3281,0.5210,0.6934,0.0030,0.0030,0.0030
5,392,1.4915,4.6288,-0.6678,0.0030,0.0030,0.0030
5,393,-4.1648,0.3335,0.3311,0.0030,0.0030,0.0030
5,395,2.8341,0.3371,-0.6880,0.0030,0.0030,0.0030
5,397,1.5446,4.5713,2.6174,0.0030,0.0030,0.0030
5,398,-0.2762,4.0876,2.8703,0.0030,0.0030,0.0030
5,400,2.2069,-1.8236,-0.5967,0.0030,0.0030,0.0030
