pose_id,feature_id,number_of_measurements,x,y,z,x_global,y_global,z_global
1,1,2,-0.1196,0.3302,0.1847,-0.1196,0.3302,0.1847
1,2,2,4.0608,0.6063,3.1203,4.0608,0.6063,3.1203
1,47,2,2.5817,0.5031,2.0427,2.5817,0.5031,2.0427
1,62,2,1.7689,-1.8294,-0.6227,1.7689,-1.8294,-0.6227
1,137,2,0.5927,-0.4401,1.4186,0.5927,-0.4401,1.4186
1,151,2,0.5274,0.5104,1.1243,0.5274,0.5104,1.1243
1,182,2,0.9656,0.1957,0.5212,0.9656,0.1957,0.5212
1,242,2,0.7557,-3.0853,-0.6948,0.7557,-3.0853,-0.6948
1,271,2,0.0153,-0.0470,1.5067,0.0153,-0.0470,1.5067
1,302,2,0.5661,-0.1347,-0.3904,0.5661,-0.1347,-0.3904
1,331,2,0.5387,-0.7652,4.4526,0.5387,-0.7652,4.4526
1,346,2,-0.1963,-1.8656,1.6129,-0.1963,-1.8656,1.6129
1,361,2,-0.4053,-0.2826,0.0303,-0.4053,-0.2826,0.0303
1,392,2,1.0078,-0.0523,1.1556,1.0078,-0.0523,1.1556
1,407,2,1.2231,0.4749,-0.4187,1.2231,0.4749,-0.4187
1,422,2,1.3776,0.7354,-0.1024,1.3776,0.7354,-0.1024
1,451,2,-3.0204,-0.8114,3.0864,-3.0204,-0.8114,3.0864
1,452,2,1.1109,0.2398,1.0795,1.1109,0.2398,1.0795
1,481,2,-0.0835,0.0055,1.1052,-0.0835,0.0055,1.1052
1,482,2,2.9120,1.2593,-1.2247,2.9120,1.2593,-1.2247
1,496,2,0.0864,0.4774,4.4377,0.0864,0.4774,4.4377
1,497,2,0.9317,0.0130,-0.1778,0.9317,0.0130,-0.1778
1,526,2,-0.5035,-1.3226,0.2952,-0.5035,-1.3226,0.2952
1,557,2,0.6447,-2.3967,2.0730,0.6447,-2.3967,2.0730
1,571,2,-0.0075,0.0617,3.2944,-0.0075,0.0617,3.2944
1,586,2,-2.7134,0.3033,0.1454,-2.7134,0.3033,0.1454
1,601,2,-0.2421,2.6568,0.2046,-0.2421,2.6568,0.2046
1,616,2,2.5356,-0.6213,2.6824,2.5356,-0.6213,2.6824
1,631,2,-2.0262,-1.8993,2.5158,-2.0262,-1.8993,2.5158
1,632,2,1.2804,-0.0904,1.1594,1.2804,-0.0904,1.1594
1,646,2,0.0464,-2.7845,2.8330,0.0464,-2.7845,2.8330
1,647,2,1.3616,-1.0517,4.8959,1.3616,-1.0517,4.8959
1,661,2,-0.7891,-0.1541,-0.4198,-0.7891,-0.1541,-0.4198
1,662,2,0.7996,1.9438,-1.1587,0.7996,1.9438,-1.1587
1,676,2,-1.8101,0.3614,0.7659,-1.8101,0.3614,0.7659
1,677,2,1.4343,-2.0070,2.2739,1.4343,-2.0070,2.2739
1,692,2,0.4543,0.6358,-0.8426,0.4543,0.6358,-0.8426
1,706,2,0.2327,0.0818,2.4943,0.2327,0.0818,2.4943
1,707,2,1.1923,0.4730,0.2503,1.1923,0.4730,0.2503
1,721,2,-0.2821,2.0795,3.8227,-0.2821,2.0795,3.8227
1,722,2,0.1994,-1.1141,2.1310,0.1994,-1.1141,2.1310
1,752,2,-1.9044,-1.0141,-1.5694,-1.9044,-1.0141,-1.5694
1,767,2,0.7861,-1.0401,4.3668,0.7861,-1.0401,4.3668
1,781,2,0.0489,-0.2539,-0.7285,0.0489,-0.2539,-0.7285
1,782,2,-0.4112,2.7628,-1.1590,-0.4112,2.7628,-1.1590
1,796,2,0.1810,1.2261,2.1620,0.1810,1.2261,2.1620
1,797,2,-1.2060,-2.3058,2.9706,-1.2060,-2.3058,2.9706
1,811,2,0.7498,0.2681,1.6824,0.7498,0.2681,1.6824
1,812,2,1.7596,0.1417,-1.8166,1.7596,0.1417,-1.8166
1,856,2,-0.0742,0.0098,-1.4014,-0.0742,0.0098,-1.4014
1,871,2,-3.1091,0.5193,2.1701,-3.1091,0.5193,2.1701
1,872,2,0.6044,-0.2183,0.5044,0.6044,-0.2183,0.5044
1,887,2,-0.3028,-3.0090,3.0194,-0.3028,-3.0090,3.0194
1,917,2,1.7406,-1.6463,3.2854,1.7406,-1.6463,3.2854
1,932,2,-0.0275,-1.6607,2.3205,-0.0275,-1.6607,2.3205
1,992,2,2.9968,-2.5850,2.5887,2.9968,-2.5850,2.5887
1,1007,2,-1.2097,0.7498,-0.9757,-1.2097,0.7498,-0.9757
1,1021,2,-3.2409,0.1754,2.2067,-3.2409,0.1754,2.2067
1,1066,2,-0.1246,0.6217,-1.9666,-0.1246,0.6217,-1.9666
1,1081,2,-0.9648,-0.1226,-0.9142,-0.9648,-0.1226,-0.9142
1,1082,2,1.1943,0.5670,0.9231,1.1943,0.5670,0.9231
1,1096,2,0.3164,0.6366,4.5428,0.3164,0.6366,4.5428
1,1097,2,1.4955,-0.1709,2.3238,1.4955,-0.1709,2.3238
1,1127,2,0.2074,0.5612,1.5607,0.2074,0.5612,1.5607
1,1142,2,1.2934,-0.4268,-0.3542,1.2934,-0.4268,-0.3542
1,1172,2,0.7086,-0.1301,1.7561,0.7086,-0.1301,1.7561
2,1,2,-1.1157,0.3284,0.1872,-0.1157,0.3284,0.1872
2,2,2,3.0788,0.5996,3.1242,4.0788,0.5996,3.1242
2,17,2,3.1144,-0.5209,0.8454,4.1144,-0.5209,0.8454
2,32,2,-0.9108,0.1692,3.6582,0.0892,0.1692,3.6582
2,33,2,-2.1941,0.2887,2.2543,-1.1941,0.2887,2.2543
2,47,2,1.5796,0.5096,2.0491,2.5796,0.5096,2.0491
2,62,2,0.7799,-1.8356,-0.6293,1.7799,-1.8356,-0.6293
2,63,2,0.3433,1.7421,4.1808,1.3433,1.7421,4.1808
2,77,2,1.6037,2.8108,0.2820,2.6037,2.8108,0.2820
2,107,2,1.2517,-2.0885,2.4490,2.2517,-2.0885,2.4490
2,108,2,0.8967,-0.3545,1.2313,1.8967,-0.3545,1.2313
2,137,2,-0.4021,-0.4427,1.4133,0.5979,-0.4427,1.4133
2,138,2,-1.3869,-0.2151,-0.4706,-0.3869,-0.2151,-0.4706
2,151,2,-0.4718,0.5144,1.1238,0.5282,0.5144,1.1238
2,168,2,1.0616,-0.0214,1.2437,2.0616,-0.0214,1.2437
2,182,2,-0.0252,0.2030,0.5244,0.9748,0.2030,0.5244
2,183,2,0.9689,-0.1406,-0.6145,1.9689,-0.1406,-0.6145
2,197,2,2.4317,1.8217,3.7561,3.4317,1.8217,3.7561
2,228,2,-1.4976,-0.9148,2.8057,-0.4976,-0.9148,2.8057
2,242,2,-0.2389,-3.0824,-0.7028,0.7611,-3.0824,-0.7028
2,257,2,0.7444,-0.5888,3.1018,1.7444,-0.5888,3.1018
2,271,2,-0.9862,-0.0328,1.5065,0.0138,-0.0328,1.5065
2,302,2,-0.4385,-0.1401,-0.4002,0.5615,-0.1401,-0.4002
2,303,2,-0.2030,-0.0954,2.3878,0.7970,-0.0954,2.3878
2,331,2,-0.4526,-0.7634,4.4501,0.5474,-0.7634,4.4501
2,346,2,-1.1977,-1.8762,1.6198,-0.1977,-1.8762,1.6198
2,361,2,-1.4135,-0.2879,0.0298,-0.4135,-0.2879,0.0298
2,362,2,-1.0540,-3.0164,-1.3690,-0.0540,-3.0164,-1.3690
2,377,2,2.7202,1.6073,-1.6038,3.7202,1.6073,-1.6038
2,378,2,-1.1673,-1.6813,1.7744,-0.1673,-1.6813,1.7744
2,392,2,0.0020,-0.0638,1.1696,1.0020,-0.0638,1.1696
2,407,2,0.2166,0.4629,-0.4176,1.2166,0.4629,-0.4176
2,422,2,0.3840,0.7349,-0.1048,1.3840,0.7349,-0.1048
2,423,2,1.0008,0.0032,3.2954,2.0008,0.0032,3.2954
2,437,2,0.1880,0.9889,2.5027,1.1880,0.9889,2.5027
2,438,2,0.4570,-3.0287,2.9447,1.4570,-3.0287,2.9447
2,451,2,-4.0398,-0.8021,3.0917,-3.0398,-0.8021,3.0917
2,452,2,0.1024,0.2355,1.0716,1.1024,0.2355,1.0716
2,453,2,-0.0756,-2.4680,-0.4940,0.9244,-2.4680,-0.4940
2,467,2,-2.6256,-0.0475,0.0177,-1.6256,-0.0475,0.0177
2,481,2,-1.0760,0.0002,1.1042,-0.0760,0.0002,1.1042
2,482,2,1.9115,1.2588,-1.2236,2.9115,1.2588,-1.2236
2,496,2,-0.9096,0.4760,4.4287,0.0904,0.4760,4.4287
2,497,2,-0.0773,0.0026,-0.1801,0.9227,0.0026,-0.1801
2,526,2,-1.4965,-1.3183,0.2936,-0.4965,-1.3183,0.2936
2,542,2,0.5354,0.0088,1.6991,1.5354,0.0088,1.6991
2,557,2,-0.3584,-2.3935,2.0752,0.6416,-2.3935,2.0752
2,558,2,-0.8417,0.3821,0.8721,0.1583,0.3821,0.8721
2,571,2,-1.0092,0.0563,3.2859,-0.0092,0.0563,3.2859
2,573,2,3.8879,0.5191,-0.2445,4.8879,0.5191,-0.2445
2,586,2,-3.7113,0.3021,0.1409,-2.7113,0.3021,0.1409
2,588,2,0.9382,2.8798,1.3892,1.9382,2.8798,1.3892
2,601,2,-1.2470,2.6642,0.2054,-0.2470,2.6642,0.2054
2,602,2,2.3380,2.3017,3.1588,3.3380,2.3017,3.1588
2,616,2,1.5357,-0.6106,2.6875,2.5357,-0.6106,2.6875
2,631,2,-3.0203,-1.9030,2.5155,-2.0203,-1.9030,2.5155
2,632,2,0.2655,-0.0935,1.1634,1.2655,-0.0935,1.1634
2,646,2,-0.9394,-2.7900,2.8356,0.0606,-2.7900,2.8356
2,647,2,0.3671,-1.0464,4.8913,1.3671,-1.0464,4.8913
2,661,2,-1.7851,-0.1534,-0.4081,-0.7851,-0.1534,-0.4081
2,662,2,-0.1973,1.9491,-1.1649,0.8027,1.9491,-1.1649
2,663,2,1.1842,0.1009,-0.6438,2.1842,0.1009,-0.6438
2,676,2,-2.8174,0.3672,0.7481,-1.8174,0.3672,0.7481
2,677,2,0.4312,-2.0040,2.2615,1.4312,-2.0040,2.2615
2,692,2,-0.5444,0.6369,-0.8447,0.4556,0.6369,-0.8447
2,693,2,-0.8800,-2.2986,2.8931,0.1200,-2.2986,2.8931
2,706,2,-0.7685,0.1037,2.4849,0.2315,0.1037,2.4849
2,707,2,0.1881,0.4718,0.2519,1.1881,0.4718,0.2519
2,721,2,-1.2761,2.0787,3.8391,-0.2761,2.0787,3.8391
2,722,2,-0.8017,-1.1090,2.1246,0.1983,-1.1090,2.1246
2,737,2,2.9191,0.9456,-1.6615,3.9191,0.9456,-1.6615
2,738,2,-2.2133,0.5236,3.5300,-1.2133,0.5236,3.5300
2,752,2,-2.9097,-1.0125,-1.5690,-1.9097,-1.0125,-1.5690
2,767,2,-0.2101,-1.0409,4.3653,0.7899,-1.0409,4.3653
2,781,2,-0.9543,-0.2503,-0.7295,0.0457,-0.2503,-0.7295
2,782,2,-1.4204,2.7473,-1.1691,-0.4204,2.7473,-1.1691
2,796,2,-0.8306,1.2276,2.1578,0.1694,1.2276,2.1578
2,797,2,-2.1949,-2.3124,2.9642,-1.1949,-2.3124,2.9642
2,798,2,0.0086,-0.5452,3.9990,1.0086,-0.5452,3.9990
2,811,2,-0.2523,0.2653,1.6786,0.7477,0.2653,1.6786
2,812,2,0.7607,0.1442,-1.8134,1.7607,0.1442,-1.8134
2,827,2,-1.0579,-1.5444,1.9008,-0.0579,-1.5444,1.9008
2,828,2,1.5799,2.8303,2.5838,2.5799,2.8303,2.5838
2,856,2,-1.0809,0.0101,-1.4083,-0.0809,0.0101,-1.4083
2,857,2,0.0274,0.0133,1.4108,1.0274,0.0133,1.4108
2,858,2,1.9251,1.3216,1.9457,2.9251,1.3216,1.9457
2,871,2,-4.1060,0.5217,2.1663,-3.1060,0.5217,2.1663
2,872,2,-0.4040,-0.2262,0.5185,0.5960,-0.2262,0.5185
2,873,2,3.2223,2.4352,2.9212,4.2223,2.4352,2.9212
2,887,2,-1.3041,-3.0090,3.0212,-0.3041,-3.0090,3.0212
2,902,2,0.0325,-0.0104,0.1117,1.0325,-0.0104,0.1117
2,903,2,3.9763,-1.1522,-0.4635,4.9763,-1.1522,-0.4635
2,917,2,0.7441,-1.6486,3.2891,1.7441,-1.6486,3.2891
2,932,2,-1.0226,-1.6540,2.3115,-0.0226,-1.6540,2.3115
2,948,2,1.5445,1.1969,-0.9997,2.5445,1.1969,-0.9997
2,992,2,1.9970,-2.5819,2.5982,2.9970,-2.5819,2.5982
2,1007,2,-2.2158,0.7460,-0.9764,-1.2158,0.7460,-0.9764
2,1021,2,-4.2408,0.1904,2.2055,-3.2408,0.1904,2.2055
2,1038,2,0.8112,-3.1535,3.1508,1.8112,-3.1535,3.1508
2,1052,2,1.4780,1.6984,2.2399,2.4780,1.6984,2.2399
2,1053,2,0.3264,0.3172,3.0177,1.3264,0.3172,3.0177
2,1066,2,-1.1323,0.6150,-1.9691,-0.1323,0.6150,-1.9691
2,1067,2,-0.1968,0.5274,0.7416,0.8032,0.5274,0.7416
2,1068,2,-0.0687,2.6214,1.1664,0.9313,2.6214,1.1664
2,1081,2,-1.9579,-0.1170,-0.9204,-0.9579,-0.1170,-0.9204
2,1082,2,0.1849,0.5661,0.9334,1.1849,0.5661,0.9334
2,1096,2,-0.6845,0.6439,4.5448,0.3155,0.6439,4.5448
2,1097,2,0.4928,-0.1704,2.3204,1.4928,-0.1704,2.3204
2,1098,2,2.1221,-0.6855,-0.1872,3.1221,-0.6855,-0.1872
2,1112,2,-0.5406,-2.1725,-0.0920,0.4594,-2.1725,-0.0920
2,1127,2,-0.7977,0.5495,1.5628,0.2023,0.5495,1.5628
2,1128,2,-1.6204,1.9204,2.9418,-0.6204,1.9204,2.9418
2,1142,2,0.2928,-0.4349,-0.3535,1.2928,-0.4349,-0.3535
2,1157,2,0.2251,3.1836,3.0040,1.2251,3.1836,3.0040
2,1158,2,3.5431,0.7706,-0.2489,4.5431,0.7706,-0.2489
2,1172,2,-0.2811,-0.1312,1.7524,0.7189,-0.1312,1.7524
2,1187,2,0.3291,1.2538,2.0795,1.3291,1.2538,2.0795
3,3,2,2.3652,-0.0993,0.6004,4.3652,-0.0993,0.6004
3,17,2,2.1129,-0.5232,0.8504,4.1129,-0.5232,0.8504
3,18,2,0.3754,-2.7602,-0.1715,2.3754,-2.7602,-0.1715
3,32,2,-1.9052,0.1779,3.6538,0.0948,0.1779,3.6538
3,33,2,-3.1956,0.2839,2.2603,-1.1956,0.2839,2.2603
3,48,2,-0.0708,-0.2902,1.1641,1.9292,-0.2902,1.1641
3,63,2,-0.6570,1.7428,4.1847,1.3430,1.7428,4.1847
3,77,2,0.6077,2.8069,0.2865,2.6077,2.8069,0.2865
3,78,2,0.8618,1.3403,-1.2574,2.8618,1.3403,-1.2574
3,79,2,1.0086,-0.0242,0.8872,3.0086,-0.0242,0.8872
3,107,2,0.2499,-2.0888,2.4493,2.2499,-2.0888,2.4493
3,108,2,-0.1092,-0.3444,1.2336,1.8908,-0.3444,1.2336
3,123,2,0.3089,-0.6962,0.4723,2.3089,-0.6962,0.4723
3,124,2,2.1307,2.8360,1.8673,4.1307,2.8360,1.8673
3,138,2,-2.3968,-0.2156,-0.4731,-0.3968,-0.2156,-0.4731
3,139,2,-1.0011,1.7981,-0.1879,0.9989,1.7981,-0.1879
3,168,2,0.0701,-0.0151,1.2398,2.0701,-0.0151,1.2398
3,183,2,-0.0316,-0.1403,-0.6071,1.9684,-0.1403,-0.6071
3,184,2,1.6348,-0.7885,-1.8304,3.6348,-0.7885,-1.8304
3,197,2,1.4450,1.8228,3.7520,3.4450,1.8228,3.7520
3,213,2,2.1489,1.9024,-1.7359,4.1489,1.9024,-1.7359
3,228,2,-2.5065,-0.9264,2.8056,-0.5065,-0.9264,2.8056
3,229,2,1.9427,1.2333,2.7087,3.9427,1.2333,2.7087
3,243,2,2.0127,-1.4747,1.1043,4.0127,-1.4747,1.1043
3,257,2,-0.2484,-0.5958,3.1131,1.7516,-0.5958,3.1131
3,273,2,-0.3332,0.3709,2.0488,1.6668,0.3709,2.0488
3,274,2,0.9360,0.0162,1.7544,2.9360,0.0162,1.7544
3,288,2,-0.0236,0.0132,0.8694,1.9764,0.0132,0.8694
3,303,2,-1.2096,-0.0949,2.3972,0.7904,-0.0949,2.3972
3,319,2,-0.2911,2.8944,2.3646,1.7089,2.8944,2.3646
3,334,2,2.3514,2.9956,0.2921,4.3514,2.9956,0.2921
3,349,2,0.9792,-0.0591,1.9273,2.9792,-0.0591,1.9273
3,362,2,-2.0465,-3.0105,-1.3627,-0.0465,-3.0105,-1.3627
3,363,2,0.3511,2.5384,2.5336,2.3511,2.5384,2.5336
3,364,2,4.2459,-0.0192,1.6916,6.2459,-0.0192,1.6916
3,377,2,1.7189,1.6068,-1.6032,3.7189,1.6068,-1.6032
3,378,2,-2.1607,-1.6819,1.7718,-0.1607,-1.6819,1.7718
3,393,2,1.3184,2.5931,3.4245,3.3184,2.5931,3.4245
3,394,2,2.7494,-0.8222,-1.0428,4.7494,-0.8222,-1.0428
3,408,2,0.1240,0.5364,4.4789,2.1240,0.5364,4.4789
3,423,2,0.0020,0.0023,3.2938,2.0020,0.0023,3.2938
3,424,2,1.7048,1.7878,2.1212,3.7048,1.7878,2.1212
3,437,2,-0.8139,0.9777,2.5079,1.1861,0.9777,2.5079
3,438,2,-0.5464,-3.0278,2.9554,1.4536,-3.0278,2.9554
3,439,2,2.5768,-0.3678,1.8035,4.5768,-0.3678,1.8035
3,453,2,-1.0733,-2.4625,-0.4977,0.9267,-2.4625,-0.4977
3,454,2,2.1502,0.3401,-0.0150,4.1502,0.3401,-0.0150
3,467,2,-3.6274,-0.0489,0.0163,-1.6274,-0.0489,0.0163
3,468,2,0.7407,-1.0202,2.0587,2.7407,-1.0202,2.0587
3,469,2,4.1833,-0.7868,2.4658,6.1833,-0.7868,2.4658
3,498,2,0.2857,-1.2719,1.2884,2.2857,-1.2719,1.2884
3,499,2,1.2374,-0.2373,0.0017,3.2374,-0.2373,0.0017
3,513,2,-0.0649,-0.0387,-0.2302,1.9351,-0.0387,-0.2302
3,542,2,-0.4543,0.0075,1.6916,1.5457,0.0075,1.6916
3,543,2,0.7032,2.9771,1.1166,2.7032,2.9771,1.1166
3,544,2,1.1909,0.2365,1.6893,3.1909,0.2365,1.6893
3,558,2,-1.8425,0.3874,0.8672,0.1575,0.3874,0.8672
3,559,2,1.4385,-0.0457,-0.4242,3.4385,-0.0457,-0.4242
3,573,2,2.8977,0.5236,-0.2474,4.8977,0.5236,-0.2474
3,574,2,1.1135,-0.1262,1.1580,3.1135,-0.1262,1.1580
3,588,2,-0.0667,2.8877,1.3939,1.9333,2.8877,1.3939
3,589,2,2.5097,-1.2877,1.6309,4.5097,-1.2877,1.6309
3,602,2,1.3267,2.3119,3.1614,3.3267,2.3119,3.1614
3,603,2,-1.1628,2.7041,-0.7937,0.8372,2.7041,-0.7937
3,618,2,0.2667,1.3823,-0.4679,2.2667,1.3823,-0.4679
3,619,2,0.5107,3.2497,1.8259,2.5107,3.2497,1.8259
3,649,2,2.4374,-2.9209,-0.4661,4.4374,-2.9209,-0.4661
3,663,2,0.1783,0.0985,-0.6508,2.1783,0.0985,-0.6508
3,678,2,-2.5494,-1.8381,3.0008,-0.5494,-1.8381,3.0008
3,693,2,-1.8780,-2.3089,2.8909,0.1220,-2.3089,2.8909
3,694,2,1.4186,0.1821,1.0453,3.4186,0.1821,1.0453
3,723,2,-0.0853,0.0035,1.5037,1.9147,0.0035,1.5037
3,724,2,3.5123,-1.9719,3.4432,5.5123,-1.9719,3.4432
3,737,2,1.9322,0.9427,-1.6576,3.9322,0.9427,-1.6576
3,738,2,-3.2216,0.5055,3.5279,-1.2216,0.5055,3.5279
3,753,2,-2.7751,-0.5882,1.5293,-0.7751,-0.5882,1.5293
3,768,2,0.5695,-0.9221,1.8913,2.5695,-0.9221,1.8913
3,784,2,0.1222,-1.4208,-1.7967,2.1222,-1.4208,-1.7967
3,798,2,-0.9855,-0.5448,4.0065,1.0145,-0.5448,4.0065
3,799,2,-1.5209,0.4126,1.1183,0.4791,0.4126,1.1183
3,827,2,-2.0602,-1.5533,1.9146,-0.0602,-1.5533,1.9146
3,828,2,0.5818,2.8362,2.5925,2.5818,2.8362,2.5925
3,829,2,0.9284,0.0936,-0.6722,2.9284,0.0936,-0.6722
3,857,2,-0.9710,0.0220,1.4008,1.0290,0.0220,1.4008
3,858,2,0.9304,1.3153,1.9553,2.9304,1.3153,1.9553
3,859,2,-1.6148,-1.6043,1.1315,0.3852,-1.6043,1.1315
3,873,2,2.2197,2.4295,2.9346,4.2197,2.4295,2.9346
3,902,2,-0.9874,-0.0190,0.1014,1.0126,-0.0190,0.1014
3,903,2,2.9763,-1.1467,-0.4678,4.9763,-1.1467,-0.4678
3,933,2,2.8713,-1.0955,3.0619,4.8713,-1.0955,3.0619
3,948,2,0.5404,1.2014,-0.9980,2.5404,1.2014,-0.9980
3,949,2,2.7170,1.9310,-0.3343,4.7170,1.9310,-0.3343
3,964,2,3.4591,-0.5579,-0.7593,5.4591,-0.5579,-0.7593
3,994,2,2.4282,1.1420,2.3853,4.4282,1.1420,2.3853
3,1009,2,2.0849,0.4045,-1.4589,4.0849,0.4045,-1.4589
3,1038,2,-0.1883,-3.1632,3.1465,1.8117,-3.1632,3.1465
3,1039,2,2.4445,-0.0208,2.9910,4.4445,-0.0208,2.9910
3,1052,2,0.4729,1.6986,2.2408,2.4729,1.6986,2.2408
3,1053,2,-0.6719,0.3224,3.0093,1.3281,0.3224,3.0093
3,1054,2,1.1789,0.5670,1.3674,3.1789,0.5670,1.3674
3,1067,2,-1.1929,0.5290,0.7439,0.8071,0.5290,0.7439
3,1068,2,-1.0837,2.6286,1.1796,0.9163,2.6286,1.1796
3,1069,2,-0.4995,2.5991,-0.4627,1.5005,2.5991,-0.4627
3,1084,2,0.6605,-0.2345,0.5406,2.6605,-0.2345,0.5406
3,1098,2,1.1264,-0.6858,-0.1949,3.1264,-0.6858,-0.1949
3,1112,2,-1.5302,-2.1714,-0.0963,0.4698,-2.1714,-0.0963
3,1128,2,-2.6125,1.9170,2.9433,-0.6125,1.9170,2.9433
3,1129,2,1.2065,-1.4763,2.0441,3.2065,-1.4763,2.0441
3,1157,2,-0.7693,3.1853,3.0021,1.2307,3.1853,3.0021
3,1158,2,2.5324,0.7639,-0.2516,4.5324,0.7639,-0.2516
3,1159,2,-0.6384,-2.7357,0.4847,1.3616,-2.7357,0.4847
3,1173,2,0.1690,-0.3774,0.1076,2.1690,-0.3774,0.1076
3,1174,2,1.9061,-0.2718,1.9624,3.9061,-0.2718,1.9624
3,1187,2,-0.6766,1.2491,2.0788,1.3234,1.2491,2.0788
3,1188,2,-1.7630,-2.5621,1.1131,0.2370,-2.5621,1.1131
4,3,2,1.3734,-0.1062,0.6103,4.3734,-0.1062,0.6103
4,4,2,0.9998,-0.4087,4.3605,3.9998,-0.4087,4.3605
4,18,2,-0.6221,-2.7606,-0.1686,2.3779,-2.7606,-0.1686
4,19,2,0.0494,0.1255,1.2330,3.0494,0.1255,1.2330
4,20,2,1.5367,-3.1744,3.5667,4.5367,-3.1744,3.5667
4,34,2,-1.7607,2.2133,2.8171,1.2393,2.2133,2.8171
4,35,2,-1.6065,1.9802,-1.0859,1.3935,1.9802,-1.0859
4,48,2,-1.0739,-0.2893,1.1549,1.9261,-0.2893,1.1549
4,49,2,2.8948,-0.0325,2.8110,5.8948,-0.0325,2.8110
4,65,2,-1.6334,-1.1420,2.2181,1.3666,-1.1420,2.2181
4,78,2,-0.1381,1.3508,-1.2556,2.8619,1.3508,-1.2556
4,79,2,0.0145,-0.0189,0.8803,3.0145,-0.0189,0.8803
4,80,2,-0.0948,2.8987,-1.4790,2.9052,2.8987,-1.4790
4,123,2,-0.6942,-0.6874,0.4602,2.3058,-0.6874,0.4602
4,124,2,1.1447,2.8271,1.8585,4.1447,2.8271,1.8585
4,139,2,-2.0022,1.7886,-0.1799,0.9978,1.7886,-0.1799
4,140,2,0.3169,-1.2231,4.6666,3.3169,-1.2231,4.6666
4,155,2,-0.0903,0.2438,4.4795,2.9097,0.2438,4.4795
4,184,2,0.6341,-0.7787,-1.8396,3.6341,-0.7787,-1.8396
4,199,2,0.3295,-0.2153,1.0725,3.3295,-0.2153,1.0725
4,213,2,1.1505,1.8954,-1.7448,4.1505,1.8954,-1.7448
4,215,2,0.7433,0.1241,0.1204,3.7433,0.1241,0.1204
4,229,2,0.9495,1.2374,2.7157,3.9495,1.2374,2.7157
4,230,2,0.9413,0.0233,1.5759,3.9413,0.0233,1.5759
4,243,2,1.0223,-1.4707,1.1153,4.0223,-1.4707,1.1153
4,244,2,0.8288,0.9011,2.3134,3.8288,0.9011,2.3134
4,245,2,1.0249,0.2994,1.3148,4.0249,0.2994,1.3148
4,260,2,1.0966,0.0367,-0.2872,4.0966,0.0367,-0.2872
4,273,2,-1.3295,0.3701,2.0484,1.6705,0.3701,2.0484
4,274,2,-0.0652,0.0165,1.7508,2.9348,0.0165,1.7508
4,288,2,-1.0292,0.0167,0.8761,1.9708,0.0167,0.8761
4,290,2,0.8760,0.9756,1.7650,3.8760,0.9756,1.7650
4,305,2,0.3209,-0.2384,1.7625,3.3209,-0.2384,1.7625
4,319,2,-1.2873,2.8906,2.3707,1.7127,2.8906,2.3707
4,334,2,1.3538,2.9887,0.2848,4.3538,2.9887,0.2848
4,335,2,-0.0466,-0.0766,3.6110,2.9534,-0.0766,3.6110
4,349,2,-0.0293,-0.0525,1.9241,2.9707,-0.0525,1.9241
4,363,2,-0.6488,2.5426,2.5289,2.3512,2.5426,2.5289
4,364,2,3.2502,-0.0251,1.6993,6.2502,-0.0251,1.6993
4,365,2,0.5978,0.3661,1.7445,3.5978,0.3661,1.7445
4,393,2,0.3156,2.6020,3.4314,3.3156,2.6020,3.4314
4,394,2,1.7498,-0.8294,-1.0398,4.7498,-0.8294,-1.0398
4,408,2,-0.8677,0.5367,4.4684,2.1323,0.5367,4.4684
4,410,2,0.9485,-0.0428,4.1463,3.9485,-0.0428,4.1463
4,424,2,0.7035,1.8024,2.1235,3.7035,1.8024,2.1235
4,439,2,1.5809,-0.3704,1.7994,4.5809,-0.3704,1.7994
4,440,2,0.1361,-0.3109,2.5556,3.1361,-0.3109,2.5556
4,454,2,1.1454,0.3442,-0.0027,4.1454,0.3442,-0.0027
4,468,2,-0.2686,-1.0083,2.0637,2.7314,-1.0083,2.0637
4,469,2,3.1861,-0.7907,2.4676,6.1861,-0.7907,2.4676
4,484,2,0.5098,0.6156,0.8864,3.5098,0.6156,0.8864
4,498,2,-0.7148,-1.2651,1.2851,2.2852,-1.2651,1.2851
4,499,2,0.2308,-0.2254,0.0049,3.2308,-0.2254,0.0049
4,500,2,2.4256,0.2942,2.2509,5.4256,0.2942,2.2509
4,513,2,-1.0676,-0.0334,-0.2390,1.9324,-0.0334,-0.2390
4,514,2,2.0436,-1.1923,3.1126,5.0436,-1.1923,3.1126
4,515,2,3.5435,0.6926,2.8037,6.5435,0.6926,2.8037
4,530,2,-0.0289,0.1400,-0.8999,2.9711,0.1400,-0.8999
4,543,2,-0.2888,2.9851,1.1250,2.7112,2.9851,1.1250
4,544,2,0.2053,0.2436,1.6899,3.2053,0.2436,1.6899
4,559,2,0.4342,-0.0505,-0.4252,3.4342,-0.0505,-0.4252
4,574,2,0.1277,-0.1194,1.1575,3.1277,-0.1194,1.1575
4,589,2,1.5057,-1.2865,1.6328,4.5057,-1.2865,1.6328
4,603,2,-2.1613,2.6995,-0.8043,0.8387,2.6995,-0.8043
4,618,2,-0.7504,1.3769,-0.4714,2.2496,1.3769,-0.4714
4,619,2,-0.4811,3.2510,1.8472,2.5189,3.2510,1.8472
4,634,2,0.3406,-0.0143,0.2982,3.3406,-0.0143,0.2982
4,649,2,1.4492,-2.9111,-0.4635,4.4492,-2.9111,-0.4635
4,650,2,0.7302,1.3255,0.8575,3.7302,1.3255,0.8575
4,665,2,0.3711,-2.5523,-0.9101,3.3711,-2.5523,-0.9101
4,678,2,-3.5626,-1.8242,3.0065,-0.5626,-1.8242,3.0065
4,680,2,2.8020,0.7798,0.3429,5.8020,0.7798,0.3429
4,694,2,0.4147,0.1844,1.0505,3.4147,0.1844,1.0505
4,709,2,0.9118,1.3656,0.7276,3.9118,1.3656,0.7276
4,710,2,-1.0335,-1.2261,3.6977,1.9665,-1.2261,3.6977
4,723,2,-1.0774,0.0129,1.4904,1.9226,0.0129,1.4904
4,724,2,2.5131,-1.9705,3.4379,5.5131,-1.9705,3.4379
4,739,2,-0.0408,0.1746,1.3793,2.9592,0.1746,1.3793
4,740,2,1.3195,-0.3067,1.2421,4.3195,-0.3067,1.2421
4,753,2,-3.7779,-0.5954,1.5326,-0.7779,-0.5954,1.5326
4,754,2,-0.1051,-0.4783,0.3775,2.8949,-0.4783,0.3775
4,755,2,0.9205,0.0141,1.0739,3.9205,0.0141,1.0739
4,768,2,-0.4267,-0.9210,1.8945,2.5733,-0.9210,1.8945
4,770,2,0.9270,0.5669,0.9179,3.9270,0.5669,0.9179
4,784,2,-0.8787,-1.4096,-1.7967,2.1213,-1.4096,-1.7967
4,799,2,-2.5167,0.4243,1.1032,0.4833,0.4243,1.1032
4,814,2,2.6517,-1.7102,-1.0700,5.6517,-1.7102,-1.0700
4,815,2,0.9409,0.4046,2.8953,3.9409,0.4046,2.8953
4,829,2,-0.0669,0.0981,-0.6689,2.9331,0.0981,-0.6689
4,830,2,0.1100,3.1162,2.9820,3.1100,3.1162,2.9820
4,844,2,0.2058,-0.4958,1.6043,3.2058,-0.4958,1.6043
4,845,2,-2.2095,-0.0596,1.9259,0.7905,-0.0596,1.9259
4,859,2,-2.6141,-1.6100,1.1320,0.3859,-1.6100,1.1320
4,875,2,0.2806,0.6813,3.8384,3.2806,0.6813,3.8384
4,889,2,-1.1101,-0.3684,1.5562,1.8899,-0.3684,1.5562
4,890,2,0.7833,1.5767,-2.1059,3.7833,1.5767,-2.1059
4,904,2,-3.0049,-1.1744,0.3724,-0.0049,-1.1744,0.3724
4,905,2,-0.2407,2.6276,3.2564,2.7593,2.6276,3.2564
4,933,2,1.8872,-1.0948,3.0585,4.8872,-1.0948,3.0585
4,949,2,1.7184,1.9326,-0.3387,4.7184,1.9326,-0.3387
4,950,2,1.1235,1.2889,1.3372,4.1235,1.2889,1.3372
4,964,2,2.4567,-0.5466,-0.7674,5.4567,-0.5466,-0.7674
4,980,2,2.1714,1.8138,-0.4880,5.1714,1.8138,-0.4880
4,994,2,1.4195,1.1521,2.3772,4.4195,1.1521,2.3772
4,1009,2,1.0842,0.4091,-1.4533,4.0842,0.4091,-1.4533
4,1024,2,-0.6985,-0.6652,1.3050,2.3015,-0.6652,1.3050
4,1039,2,1.4494,-0.0212,2.9945,4.4494,-0.0212,2.9945
4,1040,2,0.9459,-2.9473,-0.3884,3.9459,-2.9473,-0.3884
4,1054,2,0.1942,0.5726,1.3670,3.1942,0.5726,1.3670
4,1055,2,4.0427,-1.2358,3.3198,7.0427,-1.2358,3.3198
4,1069,2,-1.4983,2.6134,-0.4646,1.5017,2.6134,-0.4646
4,1084,2,-0.3340,-0.2450,0.5373,2.6660,-0.2450,0.5373
4,1085,2,-0.2452,-1.0674,-0.7206,2.7548,-1.0674,-0.7206
4,1129,2,0.2194,-1.4676,2.0334,3.2194,-1.4676,2.0334
4,1144,2,-0.0233,-0.0324,0.2152,2.9767,-0.0324,0.2152
4,1159,2,-1.6378,-2.7443,0.4910,1.3622,-2.7443,0.4910
4,1173,2,-0.8221,-0.3745,0.0976,2.1779,-0.3745,0.0976
4,1174,2,0.9003,-0.2754,1.9730,3.9003,-0.2754,1.9730
4,1175,2,1.4858,-0.4509,-0.3395,4.4858,-0.4509,-0.3395
4,1188,2,-2.7644,-2.5596,1.1106,0.2356,-2.5596,1.1106
4,1189,2,-0.8890,0.5413,-0.1228,2.1110,0.5413,-0.1228
4,1190,2,0.7983,-0.9223,-2.2875,3.7983,-0.9223,-2.2875
5,4,2,-0.0016,-0.4053,4.3520,3.9984,-0.4053,4.3520
5,6,2,3.5211,-0.1249,3.0425,7.5211,-0.1249,3.0425
5,19,2,-0.9528,0.1351,1.2369,3.0472,0.1351,1.2369
5,20,2,0.5299,-3.1794,3.5801,4.5299,-3.1794,3.5801
5,21,2,0.1992,0.4396,4.8269,4.1992,0.4396,4.8269
5,34,2,-2.7454,2.2129,2.8293,1.2546,2.2129,2.8293
5,35,2,-2.6086,1.9842,-1.0800,1.3914,1.9842,-1.0800
5,36,2,0.6958,-0.3543,1.6055,4.6958,-0.3543,1.6055
5,49,2,1.8927,-0.0291,2.8017,5.8927,-0.0291,2.8017
5,65,2,-2.6246,-1.1352,2.2237,1.3754,-1.1352,2.2237
5,66,2,-1.1718,1.2132,1.1849,2.8282,1.2132,1.1849
5,80,2,-1.0909,2.8964,-1.4745,2.9091,2.8964,-1.4745
5,95,2,-2.7387,-1.4342,2.9213,1.2613,-1.4342,2.9213
5,96,2,0.1181,1.9842,0.7879,4.1181,1.9842,0.7879
5,140,2,-0.6851,-1.2231,4.6624,3.3149,-1.2231,4.6624
5,141,2,1.0061,0.2836,-0.4182,5.0061,0.2836,-0.4182
5,155,2,-1.0783,0.2479,4.4822,2.9217,0.2479,4.4822
5,156,2,2.3313,2.9765,0.5554,6.3313,2.9765,0.5554
5,170,2,-0.8538,-0.8541,4.8824,3.1462,-0.8541,4.8824
5,171,2,1.7291,1.3278,2.2234,5.7291,1.3278,2.2234
5,185,2,-0.0602,-0.1969,0.6219,3.9398,-0.1969,0.6219
5,199,2,-0.6770,-0.2231,1.0686,3.3230,-0.2231,1.0686
5,215,2,-0.2643,0.1435,0.1230,3.7357,0.1435,0.1230
5,216,2,0.3319,-0.3531,2.2733,4.3319,-0.3531,2.2733
5,230,2,-0.0489,0.0231,1.5797,3.9511,0.0231,1.5797
5,244,2,-0.1660,0.8963,2.3040,3.8340,0.8963,2.3040
5,245,2,0.0251,0.2978,1.3161,4.0251,0.2978,1.3161
5,246,2,0.3628,-2.0690,3.5082,4.3628,-2.0690,3.5082
5,260,2,0.0890,0.0409,-0.2790,4.0890,0.0409,-0.2790
5,261,2,1.2279,0.1081,1.1028,5.2279,0.1081,1.1028
5,290,2,-0.1237,0.9789,1.7584,3.8763,0.9789,1.7584
5,305,2,-0.6935,-0.2370,1.7584,3.3065,-0.2370,1.7584
5,335,2,-1.0534,-0.0779,3.6252,2.9466,-0.0779,3.6252
5,350,2,1.1580,0.4371,-0.9648,5.1580,0.4371,-0.9648
5,365,2,-0.4022,0.3574,1.7437,3.5978,0.3574,1.7437
5,366,2,1.1892,2.9824,-1.6230,5.1892,2.9824,-1.6230
5,395,2,1.1947,0.0597,1.5005,5.1947,0.0597,1.5005
5,410,2,-0.0458,-0.0345,4.1500,3.9542,-0.0345,4.1500
5,411,2,2.6404,-2.4764,3.7741,6.6404,-2.4764,3.7741
5,426,2,1.1879,-0.1376,-1.3536,5.1879,-0.1376,-1.3536
5,440,2,-0.8720,-0.3048,2.5631,3.1280,-0.3048,2.5631
5,441,2,1.0405,0.0537,1.5197,5.0405,0.0537,1.5197
5,455,2,2.0235,0.2933,2.5016,6.0235,0.2933,2.5016
5,456,2,-2.1519,-0.5536,3.5797,1.8481,-0.5536,3.5797
5,470,2,-0.9438,0.7319,3.3377,3.0562,0.7319,3.3377
5,484,2,-0.4891,0.6103,0.8911,3.5109,0.6103,0.8911
5,486,2,-0.3982,-0.8918,2.1261,3.6018,-0.8918,2.1261
5,500,2,1.4271,0.2981,2.2417,5.4271,0.2981,2.2417
5,514,2,1.0330,-1.1938,3.1063,5.0330,-1.1938,3.1063
5,515,2,2.5332,0.6882,2.7970,6.5332,0.6882,2.7970
5,516,2,0.4149,3.2246,3.4313,4.4149,3.2246,3.4313
5,530,2,-1.0288,0.1469,-0.8931,2.9712,0.1469,-0.8931
5,560,2,0.2337,-0.4822,0.1499,4.2337,-0.4822,0.1499
5,561,2,1.9259,-2.2986,3.8889,5.9259,-2.2986,3.8889
5,590,2,0.7745,0.2359,3.9457,4.7745,0.2359,3.9457
5,591,2,0.9327,-0.1958,0.3323,4.9327,-0.1958,0.3323
5,606,2,-1.0139,-0.5194,2.1084,2.9861,-0.5194,2.1084
5,620,2,-0.1363,-0.2811,0.0784,3.8637,-0.2811,0.0784
5,621,2,3.5909,0.7235,2.4921,7.5909,0.7235,2.4921
5,634,2,-0.6535,-0.0153,0.2967,3.3465,-0.0153,0.2967
5,635,2,0.3213,0.2558,0.6102,4.3213,0.2558,0.6102
5,636,2,3.1471,-2.4826,0.5964,7.1471,-2.4826,0.5964
5,650,2,-0.2626,1.3230,0.8485,3.7374,1.3230,0.8485
5,665,2,-0.6145,-2.5529,-0.9089,3.3855,-2.5529,-0.9089
5,680,2,1.7929,0.7862,0.3263,5.7929,0.7862,0.3263
5,681,2,0.2517,-0.3320,-0.8334,4.2517,-0.3320,-0.8334
5,709,2,-0.0804,1.3600,0.7338,3.9196,1.3600,0.7338
5,710,2,-2.0215,-1.2268,3.6889,1.9785,-1.2268,3.6889
5,711,2,1.0847,-0.0231,0.8770,5.0847,-0.0231,0.8770
5,739,2,-1.0371,0.1695,1.3729,2.9629,0.1695,1.3729
5,740,2,0.3298,-0.3139,1.2495,4.3298,-0.3139,1.2495
5,741,2,1.0483,-0.8986,-0.7907,5.0483,-0.8986,-0.7907
5,754,2,-1.1063,-0.4758,0.3811,2.8937,-0.4758,0.3811
5,755,2,-0.0657,0.0176,1.0731,3.9343,0.0176,1.0731
5,770,2,-0.0664,0.5659,0.9024,3.9336,0.5659,0.9024
5,771,2,2.1849,-0.7591,2.6194,6.1849,-0.7591,2.6194
5,785,2,-0.1154,-0.0852,3.6059,3.8846,-0.0852,3.6059
5,786,2,2.5759,0.7941,2.1576,6.5759,0.7941,2.1576
5,800,2,1.7180,2.2280,1.2894,5.7180,2.2280,1.2894
5,801,2,0.0111,0.2192,1.0767,4.0111,0.2192,1.0767
5,814,2,1.6626,-1.7067,-1.0653,5.6626,-1.7067,-1.0653
5,815,2,-0.0533,0.3984,2.8952,3.9467,0.3984,2.8952
5,830,2,-0.8875,3.1206,2.9804,3.1125,3.1206,2.9804
5,831,2,-0.8822,2.6663,-0.1599,3.1178,2.6663,-0.1599
5,844,2,-0.7945,-0.4905,1.6062,3.2055,-0.4905,1.6062
5,845,2,-3.2184,-0.0658,1.9209,0.7816,-0.0658,1.9209
5,861,2,0.9616,-2.0983,0.5126,4.9616,-2.0983,0.5126
5,875,2,-0.7203,0.6836,3.8445,3.2797,0.6836,3.8445
5,889,2,-2.1151,-0.3661,1.5667,1.8849,-0.3661,1.5667
5,890,2,-0.2230,1.5754,-2.0958,3.7770,1.5754,-2.0958
5,904,2,-4.0158,-1.1812,0.3698,-0.0158,-1.1812,0.3698
5,905,2,-1.2359,2.6263,3.2561,2.7641,2.6263,3.2561
5,935,2,0.7492,3.0440,3.5452,4.7492,3.0440,3.5452
5,950,2,0.1129,1.2883,1.3421,4.1129,1.2883,1.3421
5,965,2,-2.3133,-0.3266,1.4014,1.6867,-0.3266,1.4014
5,980,2,1.1797,1.8197,-0.4728,5.1797,1.8197,-0.4728
5,1010,2,0.2657,-0.0878,1.0471,4.2657,-0.0878,1.0471
5,1024,2,-1.7148,-0.6667,1.3169,2.2852,-0.6667,1.3169
5,1025,2,-0.3399,-2.7600,-0.6524,3.6601,-2.7600,-0.6524
5,1040,2,-0.0549,-2.9432,-0.3860,3.9451,-2.9432,-0.3860
5,1041,2,0.4303,-1.5814,4.2957,4.4303,-1.5814,4.2957
5,1055,2,3.0518,-1.2274,3.3176,7.0518,-1.2274,3.3176
5,1070,2,-0.5301,0.9052,-0.6831,3.4699,0.9052,-0.6831
5,1085,2,-1.2396,-1.0648,-0.7098,2.7604,-1.0648,-0.7098
5,1100,2,-0.1782,-0.3717,0.3612,3.8218,-0.3717,0.3612
5,1116,2,-0.8832,0.5429,0.1531,3.1168,0.5429,0.1531
5,1130,2,-1.3976,-2.7181,-0.7297,2.6024,-2.7181,-0.7297
5,1144,2,-1.0235,-0.0286,0.2079,2.9765,-0.0286,0.2079
5,1160,2,0.3247,-0.3751,1.8341,4.3247,-0.3751,1.8341
5,1161,2,-0.5529,-2.6512,-0.8860,3.4471,-2.6512,-0.8860
5,1175,2,0.4860,-0.4458,-0.3362,4.4860,-0.4458,-0.3362
5,1189,2,-1.8925,0.5453,-0.1225,2.1075,0.5453,-0.1225
5,1190,2,-0.2068,-0.9241,-2.2914,3.7932,-0.9241,-2.2914
6,6,2,2.5332,-0.1387,3.0328,7.5332,-0.1387,3.0328
6,21,2,-0.8086,0.4372,4.8243,4.1914,0.4372,4.8243
6,22,2,1.0308,0.0019,0.3491,6.0308,0.0019,0.3491
6,36,2,-0.2959,-0.3564,1.6051,4.7041,-0.3564,1.6051
6,66,2,-2.1715,1.2101,1.1833,2.8285,1.2101,1.1833
6,95,2,-3.7477,-1.4398,2.9257,1.2523,-1.4398,2.9257
6,96,2,-0.8826,1.9906,0.7918,4.1174,1.9906,0.7918
6,111,2,2.5950,-0.6232,-0.3974,7.5950,-0.6232,-0.3974
6,126,2,1.6273,1.6247,1.3532,6.6273,1.6247,1.3532
6,141,2,0.0072,0.2924,-0.4189,5.0072,0.2924,-0.4189
6,156,2,1.3215,2.9867,0.5616,6.3215,2.9867,0.5616
6,170,2,-1.8529,-0.8444,4.8779,3.1471,-0.8444,4.8779
6,171,2,0.7258,1.3321,2.2291,5.7258,1.3321,2.2291
6,185,2,-1.0543,-0.1916,0.6066,3.9457,-0.1916,0.6066
6,186,2,0.5824,2.2484,1.9782,5.5824,2.2484,1.9782
6,201,2,0.4680,-0.7634,-0.4210,5.4680,-0.7634,-0.4210
6,216,2,-0.6739,-0.3561,2.2714,4.3261,-0.3561,2.2714
6,231,2,0.1061,2.0263,1.9033,5.1061,2.0263,1.9033
6,246,2,-0.6294,-2.0775,3.5218,4.3706,-2.0775,3.5218
6,261,2,0.2255,0.1043,1.1011,5.2255,0.1043,1.1011
6,262,2,1.1390,0.2382,2.8273,6.1390,0.2382,2.8273
6,291,2,-0.9240,0.2462,2.0170,4.0760,0.2462,2.0170
6,336,2,-2.8595,1.5784,3.4445,2.1405,1.5784,3.4445
6,337,2,0.9861,0.0401,1.4340,5.9861,0.0401,1.4340
6,350,2,0.1530,0.4394,-0.9744,5.1530,0.4394,-0.9744
6,352,2,4.1231,0.6590,2.5424,9.1231,0.6590,2.5424
6,366,2,0.1903,2.9858,-1.6105,5.1903,2.9858,-1.6105
6,381,2,0.0666,-0.8651,4.7395,5.0666,-0.8651,4.7395
6,395,2,0.1891,0.0606,1.4943,5.1891,0.0606,1.4943
6,411,2,1.6510,-2.4707,3.7705,6.6510,-2.4707,3.7705
6,412,2,0.9923,-0.0218,3.3820,5.9923,-0.0218,3.3820
6,426,2,0.1853,-0.1336,-1.3557,5.1853,-0.1336,-1.3557
6,441,2,0.0417,0.0679,1.5220,5.0417,0.0679,1.5220
6,455,2,1.0287,0.2868,2.5053,6.0287,0.2868,2.5053
6,456,2,-3.1479,-0.5525,3.5874,1.8521,-0.5525,3.5874
6,470,2,-1.9390,0.7349,3.3541,3.0610,0.7349,3.3541
6,486,2,-1.4080,-0.8857,2.1312,3.5920,-0.8857,2.1312
6,501,2,-2.5335,-2.0018,2.6466,2.4665,-2.0018,2.6466
6,502,2,0.5189,0.2028,-0.4730,5.5189,0.2028,-0.4730
6,516,2,-0.5966,3.2321,3.4224,4.4034,3.2321,3.4224
6,546,2,-1.3024,-1.2676,2.1754,3.6976,-1.2676,2.1754
6,560,2,-0.7661,-0.4817,0.1599,4.2339,-0.4817,0.1599
6,561,2,0.9240,-2.3130,3.8845,5.9240,-2.3130,3.8845
6,562,2,2.4833,2.6883,1.1987,7.4833,2.6883,1.1987
6,590,2,-0.2226,0.2414,3.9407,4.7774,0.2414,3.9407
6,591,2,-0.0647,-0.1860,0.3228,4.9353,-0.1860,0.3228
6,606,2,-1.9968,-0.5231,2.1203,3.0032,-0.5231,2.1203
6,607,2,1.7971,0.2711,1.9362,6.7971,0.2711,1.9362
6,620,2,-1.1306,-0.2924,0.0806,3.8694,-0.2924,0.0806
6,621,2,2.5951,0.7271,2.4873,7.5951,0.7271,2.4873
6,635,2,-0.6758,0.2516,0.6113,4.3242,0.2516,0.6113
6,636,2,2.1511,-2.4774,0.5949,7.1511,-2.4774,0.5949
6,651,2,0.1622,1.2907,1.2175,5.1622,1.2907,1.2175
6,666,2,-0.4002,0.3260,0.5908,4.5998,0.3260,0.5908
6,681,2,-0.7488,-0.3384,-0.8299,4.2512,-0.3384,-0.8299
6,711,2,0.0962,-0.0286,0.8825,5.0962,-0.0286,0.8825
6,712,2,-0.6271,-2.4368,1.5209,4.3729,-2.4368,1.5209
6,726,2,0.4805,-3.2435,0.8017,5.4805,-3.2435,0.8017
6,741,2,0.0441,-0.8958,-0.7887,5.0441,-0.8958,-0.7887
6,771,2,1.1955,-0.7496,2.6288,6.1955,-0.7496,2.6288
6,785,2,-1.1106,-0.0919,3.6235,3.8894,-0.0919,3.6235
6,786,2,1.5656,0.8068,2.1578,6.5656,0.8068,2.1578
6,800,2,0.7185,2.2231,1.2966,5.7185,2.2231,1.2966
6,801,2,-0.9887,0.2079,1.0731,4.0113,0.2079,1.0731
6,831,2,-1.8690,2.6679,-0.1622,3.1310,2.6679,-0.1622
6,861,2,-0.0333,-2.1021,0.5161,4.9667,-2.1021,0.5161
6,876,2,0.6854,-0.7118,4.7964,5.6854,-0.7118,4.7964
6,877,2,1.2544,-0.3635,0.5437,6.2544,-0.3635,0.5437
6,921,2,1.0062,-0.3856,-0.0517,6.0062,-0.3856,-0.0517
6,935,2,-0.2460,3.0478,3.5583,4.7540,3.0478,3.5583
6,936,2,-2.5544,-1.8020,3.0711,2.4456,-1.8020,3.0711
6,937,2,1.0070,0.0007,-0.2807,6.0070,0.0007,-0.2807
6,951,2,2.9380,0.3898,-1.3517,7.9380,0.3898,-1.3517
6,965,2,-3.3238,-0.3360,1.3963,1.6762,-0.3360,1.3963
6,996,2,0.0786,-0.3491,1.2340,5.0786,-0.3491,1.2340
6,997,2,0.7598,-3.1841,1.8370,5.7598,-3.1841,1.8370
6,1010,2,-0.7292,-0.0785,1.0456,4.2708,-0.0785,1.0456
6,1025,2,-1.3343,-2.7613,-0.6480,3.6657,-2.7613,-0.6480
6,1041,2,-0.5743,-1.5793,4.2973,4.4257,-1.5793,4.2973
6,1070,2,-1.5263,0.8933,-0.6874,3.4737,0.8933,-0.6874
6,1086,2,-1.6473,2.4216,3.8313,3.3527,2.4216,3.8313
6,1100,2,-1.1731,-0.3717,0.3479,3.8269,-0.3717,0.3479
6,1116,2,-1.8733,0.5342,0.1521,3.1267,0.5342,0.1521
6,1130,2,-2.3913,-2.7240,-0.7246,2.6087,-2.7240,-0.7246
6,1131,2,1.5180,-1.1667,1.4550,6.5180,-1.1667,1.4550
6,1132,2,4.1911,0.0902,-0.8496,9.1911,0.0902,-0.8496
6,1160,2,-0.6876,-0.3644,1.8383,4.3124,-0.3644,1.8383
6,1161,2,-1.5443,-2.6518,-0.8851,3.4557,-2.6518,-0.8851
6,1176,2,-0.4078,-0.5437,-0.6309,4.5922,-0.5437,-0.6309
6,1191,2,1.8386,0.5933,3.8660,6.8386,0.5933,3.8660
7,22,2,0.0370,0.0080,0.3348,6.0370,0.0080,0.3348
7,52,2,2.0504,-2.3977,0.7091,8.0504,-2.3977,0.7091
7,53,2,-0.4664,-1.1404,-0.7764,5.5336,-1.1404,-0.7764
7,82,2,-0.3584,3.2565,2.8082,5.6416,3.2565,2.8082
7,83,2,0.9660,-0.5399,0.8635,6.9660,-0.5399,0.8635
7,97,2,-0.7686,-3.0844,2.7396,5.2314,-3.0844,2.7396
7,111,2,1.5968,-0.6166,-0.4009,7.5968,-0.6166,-0.4009
7,112,2,1.6844,1.2469,2.5040,7.6844,1.2469,2.5040
7,126,2,0.6289,1.6135,1.3521,6.6289,1.6135,1.3521
7,127,2,0.2047,-2.6992,1.8152,6.2047,-2.6992,1.8152
7,158,2,2.0129,2.7808,3.5953,8.0129,2.7808,3.5953
7,172,2,0.8133,-2.8327,-0.5322,6.8133,-2.8327,-0.5322
7,186,2,-0.4326,2.2452,1.9798,5.5674,2.2452,1.9798
7,187,2,-0.7228,-0.8494,-0.0549,5.2772,-0.8494,-0.0549
7,188,2,-2.2457,-0.4934,0.5112,3.7543,-0.4934,0.5112
7,201,2,-0.5426,-0.7599,-0.4286,5.4574,-0.7599,-0.4286
7,217,2,-1.8784,0.7859,1.8289,4.1216,0.7859,1.8289
7,231,2,-0.8898,2.0133,1.8963,5.1102,2.0133,1.8963
7,247,2,1.1365,0.2430,0.2494,7.1365,0.2430,0.2494
7,248,2,2.9686,2.0767,3.6414,8.9686,2.0767,3.6414
7,262,2,0.1318,0.2417,2.8265,6.1318,0.2417,2.8265
7,263,2,0.6182,-1.0316,0.9985,6.6182,-1.0316,0.9985
7,277,2,0.0084,-0.0415,-0.5984,6.0084,-0.0415,-0.5984
7,278,2,1.0604,0.0555,-0.3581,7.0604,0.0555,-0.3581
7,291,2,-1.9169,0.2517,2.0173,4.0831,0.2517,2.0173
7,322,2,-0.7836,0.5108,4.3542,5.2164,0.5108,4.3542
7,336,2,-3.8597,1.5717,3.4424,2.1403,1.5717,3.4424
7,337,2,-0.0105,0.0223,1.4353,5.9895,0.0223,1.4353
7,352,2,3.1282,0.6696,2.5321,9.1282,0.6696,2.5321
7,368,2,1.4864,-2.5916,2.4254,7.4864,-2.5916,2.4254
7,381,2,-0.9381,-0.8747,4.7408,5.0619,-0.8747,4.7408
7,382,2,2.9455,1.3197,0.7366,8.9455,1.3197,0.7366
7,397,2,2.8351,0.1384,-0.3338,8.8351,0.1384,-0.3338
7,412,2,-0.0021,-0.0237,3.3844,5.9979,-0.0237,3.3844
7,427,2,1.3545,2.7153,3.5197,7.3545,2.7153,3.5197
7,428,2,0.4700,-2.9086,2.2384,6.4700,-2.9086,2.2384
7,442,2,-0.3105,-1.8819,1.3708,5.6895,-1.8819,1.3708
7,457,2,0.1537,-0.3374,0.4604,6.1537,-0.3374,0.4604
7,458,2,-1.5471,1.1492,2.9973,4.4529,1.1492,2.9973
7,472,2,0.2766,-2.6538,2.0408,6.2766,-2.6538,2.0408
7,473,2,0.0401,0.2427,1.2545,6.0401,0.2427,1.2545
7,487,2,0.2323,3.1659,2.5317,6.2323,3.1659,2.5317
7,501,2,-3.5212,-1.9950,2.6526,2.4788,-1.9950,2.6526
7,502,2,-0.4744,0.2017,-0.4768,5.5256,0.2017,-0.4768
7,532,2,-2.0058,2.2405,3.7219,3.9942,2.2405,3.7219
7,546,2,-2.3039,-1.2697,2.1828,3.6961,-1.2697,2.1828
7,547,2,0.2297,1.9685,0.1613,6.2297,1.9685,0.1613
7,562,2,1.4932,2.6898,1.2053,7.4932,2.6898,1.2053
7,577,2,0.1543,-0.6148,1.8978,6.1543,-0.6148,1.8978
7,592,2,2.5439,0.9268,1.8449,8.5439,0.9268,1.8449
7,607,2,0.8145,0.2798,1.9445,6.8145,0.2798,1.9445
7,622,2,0.2427,-1.3804,-0.7817,6.2427,-1.3804,-0.7817
7,651,2,-0.8452,1.2918,1.2233,5.1548,1.2918,1.2233
7,652,2,2.5795,-2.0129,3.1711,8.5795,-2.0129,3.1711
7,666,2,-1.4145,0.3274,0.5855,4.5855,0.3274,0.5855
7,682,2,1.0739,-0.2445,0.7797,7.0739,-0.2445,0.7797
7,683,2,2.0168,-2.6971,3.5061,8.0168,-2.6971,3.5061
7,697,2,1.3939,-2.2002,0.2925,7.3939,-2.2002,0.2925
7,698,2,0.8316,-0.8350,4.3183,6.8316,-0.8350,4.3183
7,712,2,-1.6266,-2.4346,1.5110,4.3734,-2.4346,1.5110
7,726,2,-0.5139,-3.2431,0.8086,5.4861,-3.2431,0.8086
7,727,2,-1.0547,1.9765,3.9266,4.9453,1.9765,3.9266
7,742,2,-3.0840,0.4873,2.6408,2.9160,0.4873,2.6408
7,743,2,0.7297,-1.2576,0.3940,6.7297,-1.2576,0.3940
7,758,2,0.2022,0.9285,1.1521,6.2022,0.9285,1.1521
7,772,2,-1.7923,2.5096,2.7138,4.2077,2.5096,2.7138
7,818,2,-2.2813,-0.1128,-0.0168,3.7187,-0.1128,-0.0168
7,832,2,2.1619,1.7803,-0.1489,8.1619,1.7803,-0.1489
7,876,2,-0.3217,-0.7119,4.7922,5.6783,-0.7119,4.7922
7,877,2,0.2507,-0.3565,0.5369,6.2507,-0.3565,0.5369
7,892,2,-1.5627,2.1425,-1.1458,4.4373,2.1425,-1.1458
7,907,2,-0.9675,-3.0664,-0.5282,5.0325,-3.0664,-0.5282
7,921,2,-0.0018,-0.3945,-0.0564,5.9982,-0.3945,-0.0564
7,922,2,-2.8389,1.2668,2.5909,3.1611,1.2668,2.5909
7,936,2,-3.5539,-1.8050,3.0806,2.4461,-1.8050,3.0806
7,937,2,0.0136,-0.0020,-0.2775,6.0136,-0.0020,-0.2775
7,951,2,1.9388,0.3860,-1.3375,7.9388,0.3860,-1.3375
7,952,2,0.1550,-0.3125,0.9215,6.1550,-0.3125,0.9215
7,982,2,0.0139,-1.5464,-0.2318,6.0139,-1.5464,-0.2318
7,996,2,-0.9220,-0.3554,1.2256,5.0780,-0.3554,1.2256
7,997,2,-0.2373,-3.1758,1.8238,5.7627,-3.1758,1.8238
7,1012,2,-0.4823,0.1489,0.1127,5.5177,0.1489,0.1127
7,1013,2,-0.2055,-1.5334,2.4787,5.7945,-1.5334,2.4787
7,1027,2,1.1553,2.8360,3.6900,7.1553,2.8360,3.6900
7,1028,2,1.0795,0.0947,1.3113,7.0795,0.0947,1.3113
7,1042,2,-0.3318,-1.3785,2.5207,5.6682,-1.3785,2.5207
7,1043,2,1.1670,0.2588,-0.1708,7.1670,0.2588,-0.1708
7,1057,2,0.3987,0.0961,1.2128,6.3987,0.0961,1.2128
7,1086,2,-2.6507,2.4119,3.8325,3.3493,2.4119,3.8325
7,1102,2,0.9899,-2.8956,0.5966,6.9899,-2.8956,0.5966
7,1103,2,4.2441,0.1835,1.8572,10.2441,0.1835,1.8572
7,1117,2,-1.1734,0.5775,-1.2631,4.8266,0.5775,-1.2631
7,1131,2,0.5205,-1.1598,1.4539,6.5205,-1.1598,1.4539
7,1132,2,3.1975,0.0856,-0.8470,9.1975,0.0856,-0.8470
7,1147,2,0.2462,-0.4787,0.2611,6.2462,-0.4787,0.2611
7,1162,2,1.6279,0.4376,2.3538,7.6279,0.4376,2.3538
7,1176,2,-1.4068,-0.5473,-0.6333,4.5932,-0.5473,-0.6333
7,1191,2,0.8310,0.5931,3.8725,6.8310,0.5931,3.8725
7,1192,2,-0.5021,0.0900,-0.4528,5.4979,0.0900,-0.4528
8,8,2,0.0070,-0.0004,1.5631,7.0070,-0.0004,1.5631
8,24,2,0.7969,-2.4971,-1.3656,7.7969,-2.4971,-1.3656
8,38,2,-3.0604,-0.3610,1.6647,3.9396,-0.3610,1.6647
8,52,2,1.0380,-2.4015,0.7109,8.0380,-2.4015,0.7109
8,53,2,-1.4576,-1.1384,-0.7833,5.5424,-1.1384,-0.7833
8,54,2,1.4229,-1.8020,-0.7985,8.4229,-1.8020,-0.7985
8,82,2,-1.3754,3.2609,2.8066,5.6246,3.2609,2.8066
8,83,2,-0.0361,-0.5425,0.8634,6.9639,-0.5425,0.8634
8,97,2,-1.7784,-3.0835,2.7544,5.2216,-3.0835,2.7544
8,98,2,0.2041,0.3043,1.1875,7.2041,0.3043,1.1875
8,99,2,3.1412,1.9194,2.5066,10.1412,1.9194,2.5066
8,112,2,0.6895,1.2430,2.4939,7.6895,1.2430,2.4939
8,113,2,-0.4013,-0.9785,2.0651,6.5987,-0.9785,2.0651
8,114,2,0.5334,-0.0499,1.0768,7.5334,-0.0499,1.0768
8,127,2,-0.7812,-2.7095,1.8235,6.2188,-2.7095,1.8235
8,128,2,0.0693,0.5166,-0.0427,7.0693,0.5166,-0.0427
8,144,2,1.2556,-0.1611,1.2331,8.2556,-0.1611,1.2331
8,158,2,1.0069,2.7848,3.5893,8.0069,2.7848,3.5893
8,172,2,-0.1911,-2.8422,-0.5390,6.8089,-2.8422,-0.5390
8,173,2,3.0752,0.1639,-1.1196,10.0752,0.1639,-1.1196
8,187,2,-1.7150,-0.8606,-0.0564,5.2850,-0.8606,-0.0564
8,188,2,-3.2467,-0.4886,0.5147,3.7533,-0.4886,0.5147
8,189,2,2.4826,-2.8686,3.5226,9.4826,-2.8686,3.5226
8,203,2,2.1183,2.1449,1.2395,9.1183,2.1449,1.2395
8,217,2,-2.8775,0.7957,1.8170,4.1225,0.7957,1.8170
8,247,2,0.1243,0.2395,0.2376,7.1243,0.2395,0.2376
8,248,2,1.9634,2.0781,3.6586,8.9634,2.0781,3.6586
8,263,2,-0.3774,-1.0390,0.9993,6.6226,-1.0390,0.9993
8,264,2,2.2355,-0.3574,3.8925,9.2355,-0.3574,3.8925
8,277,2,-0.9940,-0.0306,-0.5974,6.0060,-0.0306,-0.5974
8,278,2,0.0769,0.0443,-0.3619,7.0769,0.0443,-0.3619
8,293,2,-0.1856,0.3579,-0.3449,6.8144,0.3579,-0.3449
8,309,2,-1.7156,1.8259,1.1580,5.2844,1.8259,1.1580
8,322,2,-1.7783,0.5094,4.3561,5.2217,0.5094,4.3561
8,323,2,-3.0790,1.1448,1.0513,3.9210,1.1448,1.0513
8,338,2,-0.2860,0.2214,0.9000,6.7140,0.2214,0.9000
8,354,2,3.8915,-1.5225,2.9952,10.8915,-1.5225,2.9952
8,368,2,0.4944,-2.5967,2.4246,7.4944,-2.5967,2.4246
8,369,2,0.9943,-0.1180,-1.1675,7.9943,-0.1180,-1.1675
8,382,2,1.9450,1.3200,0.7322,8.9450,1.3200,0.7322
8,383,2,0.2622,0.0541,1.6886,7.2622,0.0541,1.6886
8,384,2,2.8157,2.6562,2.5410,9.8157,2.6562,2.5410
8,397,2,1.8318,0.1335,-0.3222,8.8318,0.1335,-0.3222
8,398,2,-0.0981,3.2487,3.5333,6.9019,3.2487,3.5333
8,413,2,3.1463,-0.9257,-1.0497,10.1463,-0.9257,-1.0497
8,414,2,2.6683,2.7997,3.5401,9.6683,2.7997,3.5401
8,427,2,0.3591,2.7119,3.5235,7.3591,2.7119,3.5235
8,428,2,-0.5353,-2.8993,2.2466,6.4647,-2.8993,2.2466
8,442,2,-1.3149,-1.8663,1.3645,5.6851,-1.8663,1.3645
8,443,2,1.2841,-1.7893,2.4548,8.2841,-1.7893,2.4548
8,444,2,3.6845,-1.5272,0.8720,10.6845,-1.5272,0.8720
8,457,2,-0.8497,-0.3278,0.4563,6.1503,-0.3278,0.4563
8,458,2,-2.5507,1.1484,2.9969,4.4493,1.1484,2.9969
8,472,2,-0.7216,-2.6466,2.0443,6.2784,-2.6466,2.0443
8,473,2,-0.9609,0.2423,1.2500,6.0391,0.2423,1.2500
8,487,2,-0.7644,3.1588,2.5403,6.2356,3.1588,2.5403
8,488,2,-0.2394,0.1839,1.1854,6.7606,0.1839,1.1854
8,518,2,2.7107,-1.6694,-1.5426,9.7107,-1.6694,-1.5426
8,519,2,-0.9745,-0.8993,0.4641,6.0255,-0.8993,0.4641
8,532,2,-3.0062,2.2327,3.7279,3.9938,2.2327,3.7279
8,533,2,-0.2288,-0.0096,0.0252,6.7712,-0.0096,0.0252
8,547,2,-0.7780,1.9574,0.1618,6.2220,1.9574,0.1618
8,548,2,0.5149,-0.1155,0.0681,7.5149,-0.1155,0.0681
8,549,2,1.6536,-2.9959,-0.4676,8.6536,-2.9959,-0.4676
8,563,2,0.8883,2.1479,2.0776,7.8883,2.1479,2.0776
8,577,2,-0.8555,-0.6076,1.8894,6.1445,-0.6076,1.8894
8,578,2,-1.2861,0.1446,0.3041,5.7139,0.1446,0.3041
8,579,2,1.0133,3.0194,-0.3849,8.0133,3.0194,-0.3849
8,592,2,1.5258,0.9319,1.8357,8.5258,0.9319,1.8357
8,593,2,-1.0079,-0.9231,0.0481,5.9921,-0.9231,0.0481
8,608,2,2.3268,1.3168,2.2390,9.3268,1.3168,2.2390
8,622,2,-0.7688,-1.3824,-0.7723,6.2312,-1.3824,-0.7723
8,624,2,-1.2030,0.4438,0.7094,5.7970,0.4438,0.7094
8,652,2,1.5767,-2.0052,3.1654,8.5767,-2.0052,3.1654
8,668,2,3.2082,0.1814,2.8985,10.2082,0.1814,2.8985
8,682,2,0.0840,-0.2501,0.7851,7.0840,-0.2501,0.7851
8,683,2,1.0268,-2.6892,3.5156,8.0268,-2.6892,3.5156
8,697,2,0.3931,-2.2022,0.3033,7.3931,-2.2022,0.3033
8,698,2,-0.1613,-0.8269,4.3143,6.8387,-0.8269,4.3143
8,699,2,-1.2493,-2.1373,2.7292,5.7507,-2.1373,2.7292
8,713,2,-1.3350,-0.4613,-1.1323,5.6650,-0.4613,-1.1323
8,727,2,-2.0520,1.9713,3.9395,4.9480,1.9713,3.9395
8,729,2,1.0685,-0.1343,1.3089,8.0685,-0.1343,1.3089
8,742,2,-4.0783,0.4998,2.6473,2.9217,0.4998,2.6473
8,743,2,-0.2819,-1.2246,0.3886,6.7181,-1.2246,0.3886
8,744,2,3.6392,1.8569,2.4551,10.6392,1.8569,2.4551
8,758,2,-0.8038,0.9384,1.1600,6.1962,0.9384,1.1600
8,772,2,-2.7864,2.5076,2.7098,4.2136,2.5076,2.7098
8,773,2,-1.6110,-0.0555,3.2167,5.3890,-0.0555,3.2167
8,774,2,0.1132,-0.0342,-0.2783,7.1132,-0.0342,-0.2783
8,789,2,0.7688,-0.4469,-0.1173,7.7688,-0.4469,-0.1173
8,818,2,-3.2895,-0.1148,-0.0263,3.7105,-0.1148,-0.0263
8,832,2,1.1483,1.7706,-0.1431,8.1483,1.7706,-0.1431
8,834,2,1.0410,0.3264,1.2513,8.0410,0.3264,1.2513
8,849,2,-2.0835,1.0653,-0.5861,4.9165,1.0653,-0.5861
8,878,2,0.0952,0.0661,2.8665,7.0952,0.0661,2.8665
8,892,2,-2.5676,2.1366,-1.1338,4.4324,2.1366,-1.1338
8,894,2,1.0067,0.0410,-0.7119,8.0067,0.0410,-0.7119
8,907,2,-1.9623,-3.0465,-0.5261,5.0377,-3.0465,-0.5261
8,922,2,-3.8423,1.2752,2.5890,3.1577,1.2752,2.5890
8,923,2,-0.1636,0.4946,0.5366,6.8364,0.4946,0.5366
8,924,2,0.9339,-1.8284,2.0941,7.9339,-1.8284,2.0941
8,938,2,0.6154,-2.8043,3.1106,7.6154,-2.8043,3.1106
8,939,2,1.0182,-0.0080,4.6941,8.0182,-0.0080,4.6941
8,952,2,-0.8457,-0.3107,0.9245,6.1543,-0.3107,0.9245
8,968,2,0.8343,0.2824,3.1226,7.8343,0.2824,3.1226
8,969,2,1.6234,-0.3384,1.3171,8.6234,-0.3384,1.3171
8,982,2,-0.9894,-1.5497,-0.2382,6.0106,-1.5497,-0.2382
8,983,2,-1.8707,-1.4088,3.7276,5.1293,-1.4088,3.7276
8,999,2,1.8991,3.1418,2.6562,8.8991,3.1418,2.6562
8,1012,2,-1.4809,0.1413,0.1197,5.5191,0.1413,0.1197
8,1013,2,-1.2058,-1.5403,2.4731,5.7942,-1.5403,2.4731
8,1027,2,0.1540,2.8232,3.6974,7.1540,2.8232,3.6974
8,1028,2,0.0686,0.0908,1.3148,7.0686,0.0908,1.3148
8,1042,2,-1.3523,-1.3731,2.5347,5.6477,-1.3731,2.5347
8,1043,2,0.1760,0.2644,-0.1638,7.1760,0.2644,-0.1638
8,1044,2,-1.2354,1.6929,1.9969,5.7646,1.6929,1.9969
8,1057,2,-0.5823,0.0930,1.2021,6.4177,0.0930,1.2021
8,1059,2,2.5538,1.4926,1.8882,9.5538,1.4926,1.8882
8,1088,2,-0.9134,1.0554,2.0881,6.0866,1.0554,2.0881
8,1102,2,-0.0129,-2.8952,0.5970,6.9871,-2.8952,0.5970
8,1103,2,3.2523,0.1872,1.8700,10.2523,0.1872,1.8700
8,1104,2,0.3775,-1.9430,4.1994,7.3775,-1.9430,4.1994
8,1117,2,-2.1658,0.5681,-1.2688,4.8342,0.5681,-1.2688
8,1118,2,-0.4544,2.3916,2.4135,6.5456,2.3916,2.4135
8,1133,2,0.0847,-3.2434,3.4340,7.0847,-3.2434,3.4340
8,1147,2,-0.7644,-0.4815,0.2536,6.2356,-0.4815,0.2536
8,1162,2,0.6350,0.4430,2.3518,7.6350,0.4430,2.3518
8,1163,2,1.3903,0.8080,1.9709,8.3903,0.8080,1.9709
8,1164,2,3.2141,2.3263,2.2420,10.2141,2.3263,2.2420
8,1178,2,0.6982,-0.0043,3.8944,7.6982,-0.0043,3.8944
8,1192,2,-1.4995,0.0851,-0.4594,5.5005,0.0851,-0.4594
8,1193,2,2.4839,-0.3146,3.7062,9.4839,-0.3146,3.7062
8,1194,2,1.8847,1.7083,0.5802,8.8847,1.7083,0.5802
9,8,2,-1.0027,-0.0007,1.5605,6.9973,-0.0007,1.5605
9,9,2,2.0404,1.4084,1.3810,10.0404,1.4084,1.3810
9,10,2,-0.5301,-2.6652,3.0612,7.4699,-2.6652,3.0612
9,24,2,-0.2089,-2.4999,-1.3624,7.7911,-2.4999,-1.3624
9,38,2,-4.0550,-0.3525,1.6586,3.9450,-0.3525,1.6586
9,40,2,0.1701,2.4397,0.9339,8.1701,2.4397,0.9339
9,54,2,0.4154,-1.7992,-0.8182,8.4154,-1.7992,-0.8182
9,55,2,3.1156,2.5132,1.6242,11.1156,2.5132,1.6242
9,70,2,0.4140,2.8036,-0.8842,8.4140,2.8036,-0.8842
9,84,2,-0.0356,0.1423,3.8280,7.9644,0.1423,3.8280
9,85,2,0.4091,2.9544,3.2679,8.4091,2.9544,3.2679
9,98,2,-0.7849,0.3074,1.1900,7.2151,0.3074,1.1900
9,99,2,2.1328,1.9181,2.5130,10.1328,1.9181,2.5130
9,113,2,-1.4047,-0.9852,2.0540,6.5953,-0.9852,2.0540
9,114,2,-0.4628,-0.0583,1.0802,7.5372,-0.0583,1.0802
9,115,2,0.9047,-3.0436,1.5699,8.9047,-3.0436,1.5699
9,128,2,-0.9217,0.5172,-0.0301,7.0783,0.5172,-0.0301
9,144,2,0.2578,-0.1522,1.2331,8.2578,-0.1522,1.2331
9,160,2,4.2781,0.1751,3.3237,12.2781,0.1751,3.3237
9,173,2,2.0666,0.1606,-1.1166,10.0666,0.1606,-1.1166
9,175,2,-1.3154,-0.0666,0.8505,6.6846,-0.0666,0.8505
9,189,2,1.4866,-2.8667,3.5205,9.4866,-2.8667,3.5205
9,190,2,3.6471,1.2210,-0.8749,11.6471,1.2210,-0.8749
9,203,2,1.1242,2.1470,1.2435,9.1242,2.1470,1.2435
9,220,2,1.3325,-0.3627,1.0988,9.3325,-0.3627,1.0988
9,264,2,1.2312,-0.3587,3.8861,9.2312,-0.3587,3.8861
9,265,2,-1.1634,-2.4259,-1.3175,6.8366,-2.4259,-1.3175
9,293,2,-1.1819,0.3538,-0.3571,6.8181,0.3538,-0.3571
9,294,2,-0.5014,-0.0476,2.5719,7.4986,-0.0476,2.5719
9,309,2,-2.7047,1.8404,1.1460,5.2953,1.8404,1.1460
9,310,2,4.1221,-0.8699,-1.4114,12.1221,-0.8699,-1.4114
9,323,2,-4.0741,1.1420,1.0501,3.9259,1.1420,1.0501
9,325,2,-1.2343,2.4161,-0.5560,6.7657,2.4161,-0.5560
9,338,2,-1.2850,0.2143,0.9064,6.7150,0.2143,0.9064
9,354,2,2.8739,-1.5209,2.9866,10.8739,-1.5209,2.9866
9,369,2,-0.0092,-0.1056,-1.1635,7.9908,-0.1056,-1.1635
9,370,2,2.5482,-2.2810,1.6342,10.5482,-2.2810,1.6342
9,383,2,-0.7366,0.0657,1.6765,7.2634,0.0657,1.6765
9,384,2,1.8199,2.6450,2.5345,9.8199,2.6450,2.5345
9,385,2,2.0489,0.6778,-0.5269,10.0489,0.6778,-0.5269
9,398,2,-1.1067,3.2454,3.5357,6.8933,3.2454,3.5357
9,399,2,-1.5133,1.7583,4.1072,6.4867,1.7583,4.1072
9,400,2,1.3348,0.5656,3.4367,9.3348,0.5656,3.4367
9,413,2,2.1385,-0.9362,-1.0498,10.1385,-0.9362,-1.0498
9,414,2,1.6583,2.8059,3.5509,9.6583,2.8059,3.5509
9,429,2,1.2040,0.5306,4.9121,9.2040,0.5306,4.9121
9,430,2,2.0277,1.8688,-0.8610,10.0277,1.8688,-0.8610
9,443,2,0.2740,-1.7874,2.4474,8.2740,-1.7874,2.4474
9,444,2,2.6734,-1.5269,0.8872,10.6734,-1.5269,0.8872
9,460,2,0.7173,-0.2402,-0.4549,8.7173,-0.2402,-0.4549
9,475,2,-1.6498,-0.4430,1.2383,6.3502,-0.4430,1.2383
9,488,2,-1.2357,0.1906,1.1903,6.7643,0.1906,1.1903
9,504,2,-0.5883,0.4976,0.8514,7.4117,0.4976,0.8514
9,505,2,1.3254,-2.4177,-1.2647,9.3254,-2.4177,-1.2647
9,518,2,1.7153,-1.6758,-1.5455,9.7153,-1.6758,-1.5455
9,519,2,-1.9733,-0.9103,0.4660,6.0267,-0.9103,0.4660
9,520,2,1.3877,0.2179,0.9937,9.3877,0.2179,0.9937
9,533,2,-1.2333,0.0026,0.0322,6.7667,0.0026,0.0322
9,548,2,-0.4813,-0.1131,0.0747,7.5187,-0.1131,0.0747
9,549,2,0.6519,-3.0031,-0.4674,8.6519,-3.0031,-0.4674
9,563,2,-0.1147,2.1595,2.0772,7.8853,2.1595,2.0772
9,578,2,-2.2836,0.1388,0.3047,5.7164,0.1388,0.3047
9,579,2,0.0169,3.0240,-0.3871,8.0169,3.0240,-0.3871
9,593,2,-2.0125,-0.9119,0.0522,5.9875,-0.9119,0.0522
9,594,2,0.2204,0.0756,-0.6654,8.2204,0.0756,-0.6654
9,595,2,2.4594,0.8404,2.0982,10.4594,0.8404,2.0982
9,608,2,1.3088,1.3035,2.2347,9.3088,1.3035,2.2347
9,609,2,2.9052,0.6065,0.9370,10.9052,0.6065,0.9370
9,610,2,0.7726,0.2493,1.1371,8.7726,0.2493,1.1371
9,624,2,-2.1990,0.4420,0.7054,5.8010,0.4420,0.7054
9,625,2,1.0954,-0.1918,1.6445,9.0954,-0.1918,1.6445
9,639,2,-0.0999,0.1643,0.9856,7.9001,0.1643,0.9856
9,654,2,-0.3940,-0.3470,-0.3695,7.6060,-0.3470,-0.3695
9,655,2,1.6318,-0.1577,1.9063,9.6318,-0.1577,1.9063
9,668,2,2.2031,0.1858,2.8953,10.2031,0.1858,2.8953
9,684,2,2.3304,1.7886,2.9506,10.3304,1.7886,2.9506
9,685,2,0.4772,-1.7502,-0.3866,8.4772,-1.7502,-0.3866
9,699,2,-2.2689,-2.1423,2.7352,5.7311,-2.1423,2.7352
9,700,2,-0.2357,-1.3306,1.0196,7.7643,-1.3306,1.0196
9,713,2,-2.3254,-0.4688,-1.1351,5.6746,-0.4688,-1.1351
9,729,2,0.0671,-0.1289,1.3018,8.0671,-0.1289,1.3018
9,744,2,2.6394,1.8471,2.4549,10.6394,1.8471,2.4549
9,745,2,1.4339,-1.1259,4.4026,9.4339,-1.1259,4.4026
9,759,2,0.4182,-0.0138,-0.5392,8.4182,-0.0138,-0.5392
9,760,2,-1.4505,1.4679,2.3398,6.5495,1.4679,2.3398
9,773,2,-2.6114,-0.0493,3.2142,5.3886,-0.0493,3.2142
9,774,2,-0.8872,-0.0403,-0.2881,7.1128,-0.0403,-0.2881
9,789,2,-0.2409,-0.4683,-0.1250,7.7591,-0.4683,-0.1250
9,790,2,-1.7391,1.0271,2.9127,6.2609,1.0271,2.9127
9,805,2,1.0759,1.6386,-1.1590,9.0759,1.6386,-1.1590
9,819,2,2.4082,0.2020,0.7885,10.4082,0.2020,0.7885
9,820,2,-0.8389,-2.3344,2.6452,7.1611,-2.3344,2.6452
9,834,2,0.0449,0.3128,1.2500,8.0449,0.3128,1.2500
9,849,2,-3.0820,1.0692,-0.5815,4.9180,1.0692,-0.5815
9,864,2,-2.7599,1.7841,3.4460,5.2401,1.7841,3.4460
9,865,2,-0.6337,0.7614,0.1396,7.3663,0.7614,0.1396
9,878,2,-0.9043,0.0799,2.8649,7.0957,0.0799,2.8649
9,880,2,0.9249,-0.0656,0.0678,8.9249,-0.0656,0.0678
9,894,2,-0.0035,0.0430,-0.7194,7.9965,0.0430,-0.7194
9,910,2,-0.8971,2.2593,2.7788,7.1029,2.2593,2.7788
9,923,2,-1.1746,0.5077,0.5351,6.8254,0.5077,0.5351
9,924,2,-0.0659,-1.8188,2.1072,7.9341,-1.8188,2.1072
9,938,2,-0.3861,-2.8077,3.1147,7.6139,-2.8077,3.1147
9,939,2,0.0285,-0.0147,4.6984,8.0285,-0.0147,4.6984
9,940,2,1.1623,-0.4504,-0.4813,9.1623,-0.4504,-0.4813
9,954,2,-2.3611,1.5230,-0.7701,5.6389,1.5230,-0.7701
9,968,2,-0.1474,0.2863,3.1294,7.8526,0.2863,3.1294
9,969,2,0.6125,-0.3309,1.3173,8.6125,-0.3309,1.3173
9,983,2,-2.8590,-1.4029,3.7288,5.1410,-1.4029,3.7288
9,984,2,-2.6814,1.8833,3.3188,5.3186,1.8833,3.3188
9,999,2,0.8887,3.1409,2.6640,8.8887,3.1409,2.6640
9,1000,2,0.6697,0.6393,1.6202,8.6697,0.6393,1.6202
9,1029,2,0.2634,-0.8920,-0.8068,8.2634,-0.8920,-0.8068
9,1044,2,-2.2265,1.7028,2.0002,5.7735,1.7028,2.0002
9,1059,2,1.5386,1.4903,1.8872,9.5386,1.4903,1.8872
9,1060,2,0.3120,1.2981,0.1532,8.3120,1.2981,0.1532
9,1088,2,-1.8975,1.0463,2.0893,6.1025,1.0463,2.0893
9,1089,2,1.2398,-1.1335,-1.6662,9.2398,-1.1335,-1.6662
9,1090,2,2.5284,-2.8233,3.0953,10.5284,-2.8233,3.0953
9,1104,2,-0.6256,-1.9381,4.2090,7.3744,-1.9381,4.2090
9,1105,2,-2.2379,-0.5603,1.6331,5.7621,-0.5603,1.6331
9,1118,2,-1.4523,2.3783,2.4129,6.5477,2.3783,2.4129
9,1119,2,-1.2071,1.6973,-1.3302,6.7929,1.6973,-1.3302
9,1120,2,0.8672,0.3032,0.3060,8.8672,0.3032,0.3060
9,1133,2,-0.9039,-3.2512,3.4410,7.0961,-3.2512,3.4410
9,1150,2,0.9902,0.1929,1.3048,8.9902,0.1929,1.3048
9,1163,2,0.3985,0.8056,1.9747,8.3985,0.8056,1.9747
9,1164,2,2.2251,2.3187,2.2457,10.2251,2.3187,2.2457
9,1165,2,1.9582,-0.7045,1.4117,9.9582,-0.7045,1.4117
9,1178,2,-0.2925,-0.0058,3.8976,7.7075,-0.0058,3.8976
9,1193,2,1.4784,-0.3199,3.7100,9.4784,-0.3199,3.7100
9,1194,2,0.8835,1.7160,0.5911,8.8835,1.7160,0.5911
9,1195,2,2.9829,-2.5735,1.7771,10.9829,-2.5735,1.7771
10,9,2,1.0443,1.4165,1.3819,10.0443,1.4165,1.3819
10,10,2,-1.5305,-2.6670,3.0601,7.4695,-2.6670,3.0601
10,25,2,-0.0959,-0.0632,1.5810,8.9041,-0.0632,1.5810
10,40,2,-0.8189,2.4365,0.9400,8.1811,2.4365,0.9400
10,41,2,2.2457,-2.6020,3.8456,11.2457,-2.6020,3.8456
10,55,2,2.1170,2.5087,1.6237,11.1170,2.5087,1.6237
10,70,2,-0.5869,2.8020,-0.8764,8.4131,2.8020,-0.8764
10,84,2,-1.0339,0.1497,3.8283,7.9661,0.1497,3.8283
10,85,2,-0.5935,2.9653,3.2660,8.4065,2.9653,3.2660
10,86,2,0.9992,-0.0054,0.3585,9.9992,-0.0054,0.3585
10,100,2,-0.0492,-0.5410,0.8763,8.9508,-0.5410,0.8763
10,115,2,-0.1028,-3.0436,1.5679,8.8972,-3.0436,1.5679
10,130,2,-2.9928,0.7423,2.7451,6.0072,0.7423,2.7451
10,131,2,1.6938,0.1133,1.0356,10.6938,0.1133,1.0356
10,146,2,1.4559,-1.7500,2.0224,10.4559,-1.7500,2.0224
10,160,2,3.2826,0.1847,3.3292,12.2826,0.1847,3.3292
10,161,2,1.4479,0.1689,1.1123,10.4479,0.1689,1.1123
10,175,2,-2.3118,-0.0672,0.8366,6.6882,-0.0672,0.8366
10,190,2,2.6419,1.2160,-0.8852,11.6419,1.2160,-0.8852
10,220,2,0.3281,-0.3619,1.1042,9.3281,-0.3619,1.1042
10,221,2,1.2486,-0.4892,0.2451,10.2486,-0.4892,0.2451
10,236,2,0.8665,0.0958,1.4475,9.8665,0.0958,1.4475
10,250,2,-1.4240,-1.3450,2.1385,7.5760,-1.3450,2.1385
10,251,2,1.1211,-0.3869,0.8617,10.1211,-0.3869,0.8617
10,265,2,-2.1651,-2.4305,-1.3070,6.8349,-2.4305,-1.3070
10,280,2,2.0968,0.6072,-0.1369,11.0968,0.6072,-0.1369
10,281,2,1.0444,-0.5084,0.0014,10.0444,-0.5084,0.0014
10,294,2,-1.4924,-0.0395,2.5718,7.5076,-0.0395,2.5718
10,296,2,1.2834,-0.0650,1.6031,10.2834,-0.0650,1.6031
10,310,2,3.1225,-0.8625,-1.4004,12.1225,-0.8625,-1.4004
10,311,2,-0.5337,1.8444,1.9254,8.4663,1.8444,1.9254
10,325,2,-2.2206,2.4155,-0.5549,6.7794,2.4155,-0.5549
10,341,2,4.0128,-0.3896,1.6726,13.0128,-0.3896,1.6726
10,355,2,0.2004,0.4355,-0.3364,9.2004,0.4355,-0.3364
10,370,2,1.5405,-2.2851,1.6240,10.5405,-2.2851,1.6240
10,371,2,-0.0096,-0.9386,-0.3902,8.9904,-0.9386,-0.3902
10,385,2,1.0510,0.6743,-0.5254,10.0510,0.6743,-0.5254
10,386,2,1.0426,-0.9543,0.0481,10.0426,-0.9543,0.0481
10,399,2,-2.5154,1.7548,4.1252,6.4846,1.7548,4.1252
10,400,2,0.3332,0.5535,3.4428,9.3332,0.5535,3.4428
10,415,2,-1.9137,2.1818,0.6271,7.0863,2.1818,0.6271
10,416,2,-1.7227,-0.7335,1.8317,7.2773,-0.7335,1.8317
10,429,2,0.2030,0.5328,4.9168,9.2030,0.5328,4.9168
10,430,2,1.0204,1.8722,-0.8551,10.0204,1.8722,-0.8551
10,431,2,1.1320,0.4938,0.4111,10.1320,0.4938,0.4111
10,445,2,-3.0583,-1.1474,1.3515,5.9417,-1.1474,1.3515
10,446,2,-0.9593,-0.5046,0.9479,8.0407,-0.5046,0.9479
10,460,2,-0.2789,-0.2347,-0.4683,8.7211,-0.2347,-0.4683
10,475,2,-2.6411,-0.4487,1.2347,6.3589,-0.4487,1.2347
10,491,2,0.4078,-2.0475,3.6408,9.4078,-2.0475,3.6408
10,504,2,-1.5973,0.5047,0.8634,7.4027,0.5047,0.8634
10,505,2,0.3343,-2.4208,-1.2673,9.3343,-2.4208,-1.2673
10,520,2,0.3955,0.2036,0.9896,9.3955,0.2036,0.9896
10,521,2,3.1778,-2.4667,1.0081,12.1778,-2.4667,1.0081
10,550,2,0.0180,-0.1280,1.4554,9.0180,-0.1280,1.4554
10,566,2,0.6499,0.2968,0.0794,9.6499,0.2968,0.0794
10,580,2,3.0691,-1.1043,2.9941,12.0691,-1.1043,2.9941
10,581,2,-1.7983,-0.3194,0.7393,7.2017,-0.3194,0.7393
10,594,2,-0.7764,0.0767,-0.6658,8.2236,0.0767,-0.6658
10,595,2,1.4505,0.8326,2.0947,10.4505,0.8326,2.0947
10,609,2,1.9071,0.6057,0.9373,10.9071,0.6057,0.9373
10,610,2,-0.2264,0.2401,1.1330,8.7736,0.2401,1.1330
10,625,2,0.0933,-0.1817,1.6437,9.0933,-0.1817,1.6437
10,626,2,-1.5154,1.9034,2.8350,7.4846,1.9034,2.8350
10,639,2,-1.1002,0.1483,0.9826,7.8998,0.1483,0.9826
10,640,2,-2.2771,-1.7713,-0.0171,6.7229,-1.7713,-0.0171
10,654,2,-1.3968,-0.3444,-0.3761,7.6032,-0.3444,-0.3761
10,655,2,0.6302,-0.1628,1.9109,9.6302,-0.1628,1.9109
10,656,2,3.5550,-1.5784,2.1020,12.5550,-1.5784,2.1020
10,684,2,1.3262,1.7896,2.9490,10.3262,1.7896,2.9490
10,685,2,-0.5274,-1.7598,-0.3806,8.4726,-1.7598,-0.3806
10,686,2,1.0629,-1.0532,1.3946,10.0629,-1.0532,1.3946
10,700,2,-1.2402,-1.3414,1.0258,7.7598,-1.3414,1.0258
10,715,2,0.0774,-0.1322,-0.2146,9.0774,-0.1322,-0.2146
10,716,2,2.4882,1.0136,-0.6519,11.4882,1.0136,-0.6519
10,731,2,1.0874,-0.7162,4.1309,10.0874,-0.7162,4.1309
10,745,2,0.4228,-1.1180,4.4039,9.4228,-1.1180,4.4039
10,746,2,0.9056,0.3967,-0.1565,9.9056,0.3967,-0.1565
10,759,2,-0.5630,-0.0085,-0.5461,8.4370,-0.0085,-0.5461
10,760,2,-2.4477,1.4581,2.3264,6.5523,1.4581,2.3264
10,761,2,0.8335,0.4143,0.7398,9.8335,0.4143,0.7398
10,790,2,-2.7356,1.0227,2.9232,6.2644,1.0227,2.9232
10,791,2,0.9829,-0.2873,1.3530,9.9829,-0.2873,1.3530
10,805,2,0.0765,1.6451,-1.1629,9.0765,1.6451,-1.1629
10,819,2,1.3998,0.1947,0.7832,10.3998,0.1947,0.7832
10,820,2,-1.8308,-2.3250,2.6431,7.1692,-2.3250,2.6431
10,835,2,-1.2993,-0.3854,-0.7384,7.7007,-0.3854,-0.7384
10,850,2,-0.0049,-0.0239,-0.5799,8.9951,-0.0239,-0.5799
10,864,2,-3.7556,1.7901,3.4420,5.2444,1.7901,3.4420
10,865,2,-1.6285,0.7571,0.1409,7.3715,0.7571,0.1409
10,880,2,-0.0761,-0.0617,0.0724,8.9239,-0.0617,0.0724
10,881,2,2.7715,-0.7670,4.1022,11.7715,-0.7670,4.1022
10,895,2,0.1673,-0.0695,1.4317,9.1673,-0.0695,1.4317
10,910,2,-1.9067,2.2672,2.7755,7.0933,2.2672,2.7755
10,911,2,-2.1808,0.3229,-0.2259,6.8192,0.3229,-0.2259
10,940,2,0.1649,-0.4466,-0.4766,9.1649,-0.4466,-0.4766
10,941,2,-1.6535,1.5964,2.2798,7.3465,1.5964,2.2798
10,954,2,-3.3688,1.5268,-0.7774,5.6312,1.5268,-0.7774
10,970,2,-0.2418,0.0760,0.6446,8.7582,0.0760,0.6446
10,984,2,-3.6891,1.8824,3.3220,5.3109,1.8824,3.3220
10,1000,2,-0.3189,0.6324,1.6078,8.6811,0.6324,1.6078
10,1001,2,0.9933,-0.0039,1.4357,9.9933,-0.0039,1.4357
10,1029,2,-0.7403,-0.8937,-0.8091,8.2597,-0.8937,-0.8091
10,1030,2,0.1624,2.4650,-0.4002,9.1624,2.4650,-0.4002
10,1031,2,-0.4660,-0.5387,-1.1117,8.5340,-0.5387,-1.1117
10,1045,2,-1.0975,-2.8382,0.7780,7.9025,-2.8382,0.7780
10,1060,2,-0.6772,1.2959,0.1447,8.3228,1.2959,0.1447
10,1061,2,-1.4019,0.4006,1.3042,7.5981,0.4006,1.3042
10,1075,2,-0.4592,1.2876,0.6326,8.5408,1.2876,0.6326
10,1089,2,0.2499,-1.1227,-1.6660,9.2499,-1.1227,-1.6660
10,1090,2,1.5374,-2.8272,3.0933,10.5374,-2.8272,3.0933
10,1105,2,-3.2462,-0.5632,1.6247,5.7538,-0.5632,1.6247
10,1119,2,-2.2202,1.7021,-1.3386,6.7798,1.7021,-1.3386
10,1120,2,-0.1302,0.2977,0.2981,8.8698,0.2977,0.2981
10,1136,2,-0.2356,2.1487,3.9449,8.7644,2.1487,3.9449
10,1150,2,-0.0084,0.1909,1.3065,8.9916,0.1909,1.3065
10,1151,2,1.3507,2.8118,-0.6538,10.3507,2.8118,-0.6538
10,1165,2,0.9553,-0.7069,1.4072,9.9553,-0.7069,1.4072
10,1166,2,1.0835,-1.1200,0.6295,10.0835,-1.1200,0.6295
10,1181,2,-1.5629,-1.9007,-1.2270,7.4371,-1.9007,-1.2270
10,1195,2,1.9705,-2.5642,1.7735,10.9705,-2.5642,1.7735
11,12,2,0.8818,0.0798,0.1243,10.8818,0.0798,0.1243
11,25,2,-1.0976,-0.0746,1.5748,8.9024,-0.0746,1.5748
11,41,2,1.2544,-2.5962,3.8686,11.2544,-2.5962,3.8686
11,42,2,3.5312,-0.4724,-0.9077,13.5312,-0.4724,-0.9077
11,56,2,-1.1868,-1.0288,2.1258,8.8132,-1.0288,2.1258
11,72,2,2.3950,-1.1829,3.6768,12.3950,-1.1829,3.6768
11,86,2,-0.0140,-0.0058,0.3647,9.9860,-0.0058,0.3647
11,100,2,-1.0520,-0.5295,0.8784,8.9480,-0.5295,0.8784
11,102,2,-0.7402,1.3291,3.4898,9.2598,1.3291,3.4898
11,117,2,-0.1676,2.2881,2.3930,9.8324,2.2881,2.3930
11,130,2,-3.9921,0.7338,2.7512,6.0079,0.7338,2.7512
11,131,2,0.6957,0.1118,1.0295,10.6957,0.1118,1.0295
11,146,2,0.4512,-1.7545,2.0322,10.4512,-1.7545,2.0322
11,161,2,0.4500,0.1771,1.1210,10.4500,0.1771,1.1210
11,162,2,0.5041,-0.4587,-0.2660,10.5041,-0.4587,-0.2660
11,191,2,-0.0131,-0.0751,1.4337,9.9869,-0.0751,1.4337
11,207,2,1.7499,-0.1951,1.8400,11.7499,-0.1951,1.8400
11,221,2,0.2464,-0.4903,0.2452,10.2464,-0.4903,0.2452
11,236,2,-0.1370,0.0938,1.4591,9.8630,0.0938,1.4591
11,237,2,0.9925,0.0030,1.5024,10.9925,0.0030,1.5024
11,250,2,-2.4286,-1.3330,2.1460,7.5714,-1.3330,2.1460
11,251,2,0.1254,-0.3727,0.8515,10.1254,-0.3727,0.8515
11,266,2,0.7916,0.6927,1.8489,10.7916,0.6927,1.8489
11,267,2,2.7209,1.2510,2.5081,12.7209,1.2510,2.5081
11,280,2,1.1052,0.6098,-0.1426,11.1052,0.6098,-0.1426
11,281,2,0.0424,-0.5172,-0.0039,10.0424,-0.5172,-0.0039
11,282,2,0.6533,-0.4769,4.4814,10.6533,-0.4769,4.4814
11,296,2,0.2905,-0.0592,1.6109,10.2905,-0.0592,1.6109
11,297,2,-1.0091,-0.3494,-0.3963,8.9909,-0.3494,-0.3963
11,311,2,-1.5400,1.8487,1.9303,8.4600,1.8487,1.9303
11,341,2,3.0245,-0.3766,1.6801,13.0245,-0.3766,1.6801
11,342,2,1.0780,-0.0703,1.0578,11.0780,-0.0703,1.0578
11,355,2,-0.8028,0.4457,-0.3297,9.1972,0.4457,-0.3297
11,356,2,0.4507,0.2603,1.0542,10.4507,0.2603,1.0542
11,357,2,0.9909,0.3452,0.9462,10.9909,0.3452,0.9462
11,371,2,-1.0090,-0.9416,-0.3990,8.9910,-0.9416,-0.3990
11,372,2,0.7276,0.1406,4.6365,10.7276,0.1406,4.6365
11,386,2,0.0412,-0.9545,0.0492,10.0412,-0.9545,0.0492
11,415,2,-2.9059,2.1829,0.6236,7.0941,2.1829,0.6236
11,416,2,-2.7120,-0.7319,1.8405,7.2880,-0.7319,1.8405
11,431,2,0.1215,0.5003,0.4024,10.1215,0.5003,0.4024
11,432,2,3.5265,1.7185,3.1971,13.5265,1.7185,3.1971
11,445,2,-4.0622,-1.1502,1.3565,5.9378,-1.1502,1.3565
11,446,2,-1.9598,-0.5142,0.9384,8.0402,-0.5142,0.9384
11,447,2,1.1331,-0.1987,4.0729,11.1331,-0.1987,4.0729
11,461,2,1.0655,-0.1384,2.1899,11.0655,-0.1384,2.1899
11,462,2,2.0963,1.6143,1.3163,12.0963,1.6143,1.3163
11,477,2,2.8784,-2.0218,0.2112,12.8784,-2.0218,0.2112
11,491,2,-0.6009,-2.0437,3.6537,9.3991,-2.0437,3.6537
11,492,2,-0.4966,-1.5030,2.4589,9.5034,-1.5030,2.4589
11,506,2,0.3245,-0.4775,-0.0451,10.3245,-0.4775,-0.0451
11,507,2,0.7945,0.2244,2.4694,10.7945,0.2244,2.4694
11,521,2,2.1742,-2.4668,1.0084,12.1742,-2.4668,1.0084
11,536,2,-0.3741,0.3642,0.8025,9.6259,0.3642,0.8025
11,550,2,-0.9927,-0.1330,1.4548,9.0073,-0.1330,1.4548
11,552,2,1.1476,-0.3657,1.1267,11.1476,-0.3657,1.1267
11,566,2,-0.3496,0.3023,0.0836,9.6504,0.3023,0.0836
11,580,2,2.0664,-1.1045,2.9940,12.0664,-1.1045,2.9940
11,581,2,-2.7912,-0.3232,0.7417,7.2088,-0.3232,0.7417
11,612,2,-0.4296,-2.2746,1.7213,9.5704,-2.2746,1.7213
11,626,2,-2.5224,1.9005,2.8363,7.4776,1.9005,2.8363
11,640,2,-3.2739,-1.7638,-0.0198,6.7261,-1.7638,-0.0198
11,642,2,2.4884,-1.7187,4.1008,12.4884,-1.7187,4.1008
11,656,2,2.5549,-1.5729,2.0974,12.5549,-1.5729,2.0974
11,671,2,-0.4729,0.3052,1.7305,9.5271,0.3052,1.7305
11,672,2,3.1510,-2.3905,-1.3461,13.1510,-2.3905,-1.3461
11,686,2,0.0682,-1.0608,1.4053,10.0682,-1.0608,1.4053
11,702,2,0.2364,2.8183,-0.7010,10.2364,2.8183,-0.7010
11,715,2,-0.9165,-0.1241,-0.2033,9.0835,-0.1241,-0.2033
11,716,2,1.4889,1.0190,-0.6508,11.4889,1.0190,-0.6508
11,731,2,0.0858,-0.7165,4.1329,10.0858,-0.7165,4.1329
11,746,2,-0.0856,0.3821,-0.1591,9.9144,0.3821,-0.1591
11,761,2,-0.1519,0.4141,0.7293,9.8481,0.4141,0.7293
11,762,2,-1.2012,-0.0091,-0.1281,8.7988,-0.0091,-0.1281
11,791,2,-0.0204,-0.2903,1.3569,9.9796,-0.2903,1.3569
11,806,2,-0.8298,0.5420,4.4213,9.1702,0.5420,4.4213
11,835,2,-2.3007,-0.3761,-0.7338,7.6993,-0.3761,-0.7338
11,850,2,-1.0175,-0.0128,-0.5878,8.9825,-0.0128,-0.5878
11,851,2,-0.0937,-2.5671,3.0500,9.9063,-2.5671,3.0500
11,852,2,-1.7578,0.3035,2.7207,8.2422,0.3035,2.7207
11,881,2,1.7850,-0.7568,4.1056,11.7850,-0.7568,4.1056
11,882,2,0.4135,0.3115,3.8886,10.4135,0.3115,3.8886
11,895,2,-0.8135,-0.0657,1.4311,9.1865,-0.0657,1.4311
11,911,2,-3.1920,0.3228,-0.2151,6.8080,0.3228,-0.2151
11,941,2,-2.6529,1.5899,2.2694,7.3471,1.5899,2.2694
11,942,2,3.6635,-1.8110,1.3602,13.6635,-1.8110,1.3602
11,956,2,0.0102,0.0079,2.5215,10.0102,0.0079,2.5215
11,970,2,-1.2357,0.0795,0.6502,8.7643,0.0795,0.6502
11,972,2,-0.1487,2.0223,1.8376,9.8513,2.0223,1.8376
11,987,2,4.0264,-1.2375,3.5243,14.0264,-1.2375,3.5243
11,1001,2,0.0043,0.0055,1.4363,10.0043,0.0055,1.4363
11,1017,2,-1.9449,-0.5230,3.1109,8.0551,-0.5230,3.1109
11,1030,2,-0.8480,2.4728,-0.3940,9.1520,2.4728,-0.3940
11,1031,2,-1.4514,-0.5470,-1.1186,8.5486,-0.5470,-1.1186
11,1045,2,-2.1010,-2.8320,0.7932,7.8990,-2.8320,0.7932
11,1046,2,1.3095,0.0300,0.8667,11.3095,0.0300,0.8667
11,1047,2,1.4253,-0.1485,-0.1621,11.4253,-0.1485,-0.1621
11,1061,2,-2.3958,0.4020,1.2938,7.6042,0.4020,1.2938
11,1075,2,-1.4623,1.2880,0.6311,8.5377,1.2880,0.6311
11,1106,2,3.1958,0.7372,3.2092,13.1958,0.7372,3.2092
11,1107,2,1.3185,-0.0064,-0.0463,11.3185,-0.0064,-0.0463
11,1121,2,1.9323,-1.5265,4.0461,11.9323,-1.5265,4.0461
11,1122,2,0.1757,-0.3695,3.3645,10.1757,-0.3695,3.3645
11,1136,2,-1.2398,2.1384,3.9484,8.7602,2.1384,3.9484
11,1137,2,1.2764,0.8270,4.4717,11.2764,0.8270,4.4717
11,1151,2,0.3613,2.8142,-0.6470,10.3613,2.8142,-0.6470
11,1166,2,0.0787,-1.1338,0.6273,10.0787,-1.1338,0.6273
11,1181,2,-2.5721,-1.9177,-1.2376,7.4279,-1.9177,-1.2376
11,1182,2,2.1542,0.5379,4.4189,12.1542,0.5379,4.4189
12,12,2,-0.1002,0.0804,0.1328,10.8998,0.0804,0.1328
12,13,2,0.6922,0.3905,1.7905,11.6922,0.3905,1.7905
12,28,2,0.9411,-0.8019,0.1173,11.9411,-0.8019,0.1173
12,42,2,2.5270,-0.4762,-0.9041,13.5270,-0.4762,-0.9041
12,56,2,-2.1913,-1.0321,2.1361,8.8087,-1.0321,2.1361
12,57,2,-1.5209,-0.1596,0.1753,9.4791,-0.1596,0.1753
12,58,2,1.7140,-0.5858,-0.1776,12.7140,-0.5858,-0.1776
12,72,2,1.4045,-1.1856,3.6726,12.4045,-1.1856,3.6726
12,87,2,-0.7813,-0.4348,2.0233,10.2187,-0.4348,2.0233
12,88,2,0.9422,1.0134,1.5041,11.9422,1.0134,1.5041
12,102,2,-1.7367,1.3319,3.4875,9.2633,1.3319,3.4875
12,117,2,-1.1734,2.2974,2.3869,9.8266,2.2974,2.3869
12,133,2,1.0580,0.3280,0.0723,12.0580,0.3280,0.0723
12,162,2,-0.5005,-0.4616,-0.2837,10.4995,-0.4616,-0.2837
12,163,2,0.6947,0.4102,1.6954,11.6947,0.4102,1.6954
12,191,2,-1.0052,-0.0599,1.4293,9.9948,-0.0599,1.4293
12,193,2,-2.1934,-0.4456,0.3821,8.8066,-0.4456,0.3821
12,207,2,0.7496,-0.1838,1.8422,11.7496,-0.1838,1.8422
12,208,2,0.6790,3.0341,3.7199,11.6790,3.0341,3.7199
12,237,2,0.0011,0.0060,1.4983,11.0011,0.0060,1.4983
12,253,2,2.7414,0.1648,0.3839,13.7414,0.1648,0.3839
12,266,2,-0.2108,0.6855,1.8636,10.7892,0.6855,1.8636
12,267,2,1.7130,1.2449,2.5037,12.7130,1.2449,2.5037
12,268,2,-2.2825,0.0295,3.3555,8.7175,0.0295,3.3555
12,282,2,-0.3448,-0.4699,4.4686,10.6552,-0.4699,4.4686
12,283,2,1.2600,1.4556,1.9927,12.2600,1.4556,1.9927
12,297,2,-2.0091,-0.3461,-0.3936,8.9909,-0.3461,-0.3936
12,298,2,1.1232,-0.1214,1.0678,12.1232,-0.1214,1.0678
12,312,2,1.9619,-0.9510,2.1900,12.9619,-0.9510,2.1900
12,327,2,-2.4069,-1.7700,3.4205,8.5931,-1.7700,3.4205
12,342,2,0.0921,-0.0567,1.0578,11.0921,-0.0567,1.0578
12,356,2,-0.5481,0.2594,1.0502,10.4519,0.2594,1.0502
12,357,2,0.0055,0.3434,0.9534,11.0055,0.3434,0.9534
12,358,2,-1.5785,1.9477,-1.5318,9.4215,1.9477,-1.5318
12,372,2,-0.2778,0.1337,4.6427,10.7222,0.1337,4.6427
12,388,2,0.5586,0.2511,-0.2645,11.5586,0.2511,-0.2645
12,402,2,0.2250,-0.1109,-0.1589,11.2250,-0.1109,-0.1589
12,418,2,0.9901,-2.7651,1.8547,11.9901,-2.7651,1.8547
12,432,2,2.5174,1.7244,3.2015,13.5174,1.7244,3.2015
12,447,2,0.1405,-0.2017,4.0746,11.1405,-0.2017,4.0746
12,461,2,0.0632,-0.1365,2.1912,11.0632,-0.1365,2.1912
12,462,2,1.0821,1.6146,1.3148,12.0821,1.6146,1.3148
12,477,2,1.8798,-2.0303,0.2058,12.8798,-2.0303,0.2058
12,492,2,-1.4901,-1.5089,2.4549,9.5099,-1.5089,2.4549
12,506,2,-0.6731,-0.4752,-0.0524,10.3269,-0.4752,-0.0524
12,507,2,-0.2177,0.2258,2.4625,10.7823,0.2258,2.4625
12,523,2,2.7363,1.0844,2.0056,13.7363,1.0844,2.0056
12,536,2,-1.3870,0.3597,0.8016,9.6130,0.3597,0.8016
12,537,2,-0.5485,0.5557,3.3076,10.4515,0.5557,3.3076
12,538,2,0.2827,-2.2984,3.9592,11.2827,-2.2984,3.9592
12,552,2,0.1431,-0.3743,1.1201,11.1431,-0.3743,1.1201
12,568,2,3.4616,0.6898,1.0972,14.4616,0.6898,1.0972
12,583,2,4.0928,0.1052,0.2829,15.0928,0.1052,0.2829
12,612,2,-1.4201,-2.2793,1.7271,9.5799,-2.2793,1.7271
12,613,2,2.0422,-2.6453,-0.2391,13.0422,-2.6453,-0.2391
12,627,2,0.3574,-1.0684,0.8871,11.3574,-1.0684,0.8871
12,628,2,-0.8575,-2.5647,2.6763,10.1425,-2.5647,2.6763
12,642,2,1.4896,-1.7266,4.1012,12.4896,-1.7266,4.1012
12,643,2,0.9766,-0.0663,4.4475,11.9766,-0.0663,4.4475
12,657,2,1.2404,2.8378,3.0289,12.2404,2.8378,3.0289
12,671,2,-1.4757,0.3077,1.7409,9.5243,0.3077,1.7409
12,672,2,2.1538,-2.3849,-1.3438,13.1538,-2.3849,-1.3438
12,687,2,0.1789,-0.1115,1.6140,11.1789,-0.1115,1.6140
12,702,2,-0.7460,2.8210,-0.7064,10.2540,2.8210,-0.7064
12,717,2,1.1514,0.3319,3.6704,12.1514,0.3319,3.6704
12,718,2,0.6774,0.8061,1.8474,11.6774,0.8061,1.8474
12,733,2,-1.6724,1.0262,2.7358,9.3276,1.0262,2.7358
12,747,2,1.0283,-3.1097,2.2726,12.0283,-3.1097,2.2726
12,762,2,-2.2022,-0.0199,-0.1227,8.7978,-0.0199,-0.1227
12,777,2,-1.5227,2.9207,-0.0051,9.4773,2.9207,-0.0051
12,778,2,-2.0459,1.1457,3.2420,8.9541,1.1457,3.2420
12,792,2,-2.0635,0.8339,-0.7535,8.9365,0.8339,-0.7535
12,793,2,2.1365,-0.0246,-1.8691,13.1365,-0.0246,-1.8691
12,806,2,-1.8273,0.5419,4.4195,9.1727,0.5419,4.4195
12,807,2,-2.1466,2.3705,-1.3018,8.8534,2.3705,-1.3018
12,808,2,2.5836,-1.4840,3.4898,13.5836,-1.4840,3.4898
12,837,2,2.0241,2.4443,3.6244,13.0241,2.4443,3.6244
12,851,2,-1.1040,-2.5625,3.0487,9.8960,-2.5625,3.0487
12,852,2,-2.7629,0.3083,2.7271,8.2371,0.3083,2.7271
12,867,2,-0.2294,0.2473,0.9525,10.7706,0.2473,0.9525
12,868,2,3.8121,0.6751,0.4899,14.8121,0.6751,0.4899
12,882,2,-0.5962,0.3161,3.8951,10.4038,0.3161,3.8951
12,897,2,-0.0854,-0.4293,-0.4970,10.9146,-0.4293,-0.4970
12,927,2,0.1959,0.3153,0.1588,11.1959,0.3153,0.1588
12,942,2,2.6567,-1.8093,1.3534,13.6567,-1.8093,1.3534
12,956,2,-0.9860,0.0218,2.5371,10.0140,0.0218,2.5371
12,972,2,-1.1439,2.0250,1.8345,9.8561,2.0250,1.8345
12,973,2,1.3896,-2.2513,-1.1649,12.3896,-2.2513,-1.1649
12,987,2,3.0194,-1.2499,3.5176,14.0194,-1.2499,3.5176
12,1002,2,0.5337,-2.1860,0.6733,11.5337,-2.1860,0.6733
12,1003,2,1.7235,-0.2091,1.1242,12.7235,-0.2091,1.1242
12,1017,2,-2.9590,-0.5151,3.1108,8.0410,-0.5151,3.1108
12,1032,2,-2.6307,-1.3420,2.8470,8.3693,-1.3420,2.8470
12,1046,2,0.3220,0.0206,0.8707,11.3220,0.0206,0.8707
12,1047,2,0.4287,-0.1544,-0.1548,11.4287,-0.1544,-0.1548
12,1048,2,-1.7256,-0.1767,-1.4875,9.2744,-0.1767,-1.4875
12,1093,2,2.1085,-0.7750,0.0811,13.1085,-0.7750,0.0811
12,1106,2,2.2009,0.7336,3.2025,13.2009,0.7336,3.2025
12,1107,2,0.3118,-0.0076,-0.0448,11.3118,-0.0076,-0.0448
12,1121,2,0.9323,-1.5288,4.0460,11.9323,-1.5288,4.0460
12,1122,2,-0.8130,-0.3764,3.3661,10.1870,-0.3764,3.3661
12,1137,2,0.2821,0.8297,4.4747,11.2821,0.8297,4.4747
12,1138,2,-2.0141,1.2857,2.8274,8.9859,1.2857,2.8274
12,1152,2,0.0803,-0.1696,1.1422,11.0803,-0.1696,1.1422
12,1182,2,1.1506,0.5464,4.4124,12.1506,0.5464,4.4124
12,1197,2,-1.6879,1.5420,0.4279,9.3121,1.5420,0.4279
12,1198,2,4.1439,-0.9757,3.0070,15.1439,-0.9757,3.0070
13,13,2,-0.3065,0.3899,1.7974,11.6935,0.3899,1.7974
13,28,2,-0.0479,-0.8034,0.1129,11.9521,-0.8034,0.1129
13,29,2,1.0519,0.9571,0.1698,13.0519,0.9571,0.1698
13,57,2,-2.5230,-0.1617,0.1888,9.4770,-0.1617,0.1888
13,58,2,0.7050,-0.5726,-0.1839,12.7050,-0.5726,-0.1839
13,59,2,2.4299,0.8478,-0.9012,14.4299,0.8478,-0.9012
13,87,2,-1.7693,-0.4260,2.0235,10.2307,-0.4260,2.0235
13,88,2,-0.0599,1.0091,1.5087,11.9401,1.0091,1.5087
13,89,2,0.9951,-0.0658,1.4028,12.9951,-0.0658,1.4028
13,103,2,1.7278,-2.6137,-1.5617,13.7278,-2.6137,-1.5617
13,119,2,1.0962,-2.9860,3.4130,13.0962,-2.9860,3.4130
13,133,2,0.0623,0.3277,0.0733,12.0623,0.3277,0.0733
13,148,2,0.2388,-3.2299,-1.7387,12.2388,-3.2299,-1.7387
13,163,2,-0.3067,0.4012,1.6991,11.6933,0.4012,1.6991
13,179,2,-1.2907,2.3579,2.7626,10.7093,2.3579,2.7626
13,193,2,-3.1850,-0.4406,0.3780,8.8150,-0.4406,0.3780
13,208,2,-0.3147,3.0384,3.7112,11.6853,3.0384,3.7112
13,209,2,0.7129,-0.9779,-0.5440,12.7129,-0.9779,-0.5440
13,223,2,1.2588,0.0777,-0.6678,13.2588,0.0777,-0.6678
13,239,2,0.5804,-3.2503,0.6064,12.5804,-3.2503,0.6064
13,253,2,1.7432,0.1703,0.3858,13.7432,0.1703,0.3858
13,268,2,-3.2790,0.0375,3.3513,8.7210,0.0375,3.3513
13,269,2,2.5206,2.4027,2.1317,14.5206,2.4027,2.1317
13,283,2,0.2568,1.4416,1.9931,12.2568,1.4416,1.9931
13,284,2,3.3555,-1.6159,-1.2435,15.3555,-1.6159,-1.2435
13,298,2,0.1289,-0.1083,1.0688,12.1289,-0.1083,1.0688
13,299,2,1.4529,-1.2707,0.3732,13.4529,-1.2707,0.3732
13,312,2,0.9657,-0.9580,2.1921,12.9657,-0.9580,2.1921
13,313,2,-2.9146,-1.3688,3.3799,9.0854,-1.3688,3.3799
13,314,2,2.6815,1.0315,-1.4669,14.6815,1.0315,-1.4669
13,327,2,-3.4077,-1.7727,3.4281,8.5923,-1.7727,3.4281
13,328,2,-0.5066,-0.0564,1.0741,11.4934,-0.0564,1.0741
13,358,2,-2.5769,1.9449,-1.5363,9.4231,1.9449,-1.5363
13,388,2,-0.4421,0.2505,-0.2644,11.5579,0.2505,-0.2644
13,402,2,-0.7607,-0.1160,-0.1656,11.2393,-0.1160,-0.1656
13,418,2,0.0046,-2.7706,1.8627,12.0046,-2.7706,1.8627
13,433,2,-2.7743,1.7290,0.1000,9.2257,1.7290,0.1000
13,448,2,-1.1498,-0.1362,-2.0431,10.8502,-0.1362,-2.0431
13,463,2,0.1923,-0.2219,0.1698,12.1923,-0.2219,0.1698
13,493,2,0.4360,-0.1074,0.6263,12.4360,-0.1074,0.6263
13,494,2,0.2429,-2.0138,0.1825,12.2429,-2.0138,0.1825
13,508,2,-1.4760,2.2539,2.4453,10.5240,2.2539,2.4453
13,523,2,1.7328,1.0697,1.9930,13.7328,1.0697,1.9930
13,524,2,1.0838,-0.0084,3.3313,13.0838,-0.0084,3.3313
13,537,2,-1.5396,0.5579,3.3105,10.4604,0.5579,3.3105
13,538,2,-0.7154,-2.2970,3.9660,11.2846,-2.2970,3.9660
13,539,2,0.8640,1.1557,1.0893,12.8640,1.1557,1.0893
13,568,2,2.4657,0.6912,1.0820,14.4657,0.6912,1.0820
13,569,2,0.9510,1.1979,-0.2754,12.9510,1.1979,-0.2754
13,583,2,3.0860,0.1161,0.2832,15.0860,0.1161,0.2832
13,584,2,-1.0984,1.0219,2.4827,10.9016,1.0219,2.4827
13,598,2,-0.0574,-0.2791,3.7940,11.9426,-0.2791,3.7940
13,599,2,3.8482,-1.5846,1.8138,15.8482,-1.5846,1.8138
13,613,2,1.0361,-2.6409,-0.2331,13.0361,-2.6409,-0.2331
13,614,2,1.5790,-0.7507,1.8820,13.5790,-0.7507,1.8820
13,627,2,-0.6570,-1.0571,0.8879,11.3430,-1.0571,0.8879
13,628,2,-1.8652,-2.5707,2.6655,10.1348,-2.5707,2.6655
13,643,2,-0.0260,-0.0704,4.4447,11.9740,-0.0704,4.4447
13,657,2,0.2374,2.8433,3.0283,12.2374,2.8433,3.0283
13,658,2,0.1808,0.1297,4.7511,12.1808,0.1297,4.7511
13,687,2,-0.8033,-0.1088,1.6249,11.1967,-0.1088,1.6249
13,717,2,0.1628,0.3397,3.6826,12.1628,0.3397,3.6826
13,718,2,-0.3156,0.8052,1.8533,11.6844,0.8052,1.8533
13,719,2,1.0498,1.0451,1.8599,13.0498,1.0451,1.8599
13,733,2,-2.6707,1.0240,2.7215,9.3293,1.0240,2.7215
13,747,2,0.0113,-3.1047,2.2797,12.0113,-3.1047,2.2797
13,748,2,1.1296,-2.5750,1.8489,13.1296,-2.5750,1.8489
13,764,2,0.9414,1.2815,4.8242,12.9414,1.2815,4.8242
13,777,2,-2.5226,2.9132,-0.0023,9.4774,2.9132,-0.0023
13,778,2,-3.0548,1.1549,3.2380,8.9452,1.1549,3.2380
13,792,2,-3.0639,0.8447,-0.7537,8.9361,0.8447,-0.7537
13,793,2,1.1316,-0.0208,-1.8619,13.1316,-0.0208,-1.8619
13,794,2,1.8734,-0.4629,0.3398,13.8734,-0.4629,0.3398
13,807,2,-3.1485,2.3697,-1.3065,8.8515,2.3697,-1.3065
13,808,2,1.5719,-1.4881,3.4865,13.5719,-1.4881,3.4865
13,809,2,1.1389,-0.3472,2.0277,13.1389,-0.3472,2.0277
13,823,2,-0.0732,0.0301,-0.1118,11.9268,0.0301,-0.1118
13,824,2,0.8346,-2.6211,1.1042,12.8346,-2.6211,1.1042
13,837,2,1.0185,2.4438,3.6204,13.0185,2.4438,3.6204
13,838,2,0.0025,-0.0285,1.0165,12.0025,-0.0285,1.0165
13,853,2,0.4696,-0.2160,2.9870,12.4696,-0.2160,2.9870
13,854,2,1.8450,3.0590,2.3875,13.8450,3.0590,2.3875
13,867,2,-1.2310,0.2515,0.9472,10.7690,0.2515,0.9472
13,868,2,2.8105,0.6670,0.4884,14.8105,0.6670,0.4884
13,869,2,0.3368,-2.8979,0.0829,12.3368,-2.8979,0.0829
13,883,2,0.2696,0.0291,1.6296,12.2696,0.0291,1.6296
13,884,2,-2.0254,-0.8661,3.0617,9.9746,-0.8661,3.0617
13,897,2,-1.0691,-0.4295,-0.4949,10.9309,-0.4295,-0.4949
13,898,2,0.6184,-2.3054,2.1667,12.6184,-2.3054,2.1667
13,899,2,1.7385,3.1604,0.9481,13.7385,3.1604,0.9481
13,914,2,-1.6220,0.9968,2.4068,10.3780,0.9968,2.4068
13,927,2,-0.8032,0.3230,0.1484,11.1968,0.3230,0.1484
13,958,2,-2.1293,-2.0420,1.2762,9.8707,-2.0420,1.2762
13,959,2,0.4292,1.2735,-0.0740,12.4292,1.2735,-0.0740
13,973,2,0.3884,-2.2539,-1.1702,12.3884,-2.2539,-1.1702
13,974,2,1.1155,2.8457,3.6195,13.1155,2.8457,3.6195
13,1002,2,-0.4696,-2.1765,0.6758,11.5304,-2.1765,0.6758
13,1003,2,0.7199,-0.2169,1.1234,12.7199,-0.2169,1.1234
13,1032,2,-3.6353,-1.3478,2.8390,8.3647,-1.3478,2.8390
13,1048,2,-2.7287,-0.1712,-1.4903,9.2713,-0.1712,-1.4903
13,1063,2,0.8529,-1.8961,0.8290,12.8529,-1.8961,0.8290
13,1064,2,-0.1469,1.6981,2.1948,11.8531,1.6981,2.1948
13,1079,2,1.8947,-0.0731,-0.2202,13.8947,-0.0731,-0.2202
13,1093,2,1.1067,-0.7820,0.0900,13.1067,-0.7820,0.0900
13,1138,2,-3.0286,1.2887,2.8326,8.9714,1.2887,2.8326
13,1152,2,-0.9240,-0.1687,1.1409,11.0760,-0.1687,1.1409
13,1153,2,-1.5878,2.5401,-0.7736,10.4122,2.5401,-0.7736
13,1168,2,-0.2946,-0.3955,4.0452,11.7054,-0.3955,4.0452
13,1197,2,-2.6805,1.5453,0.4313,9.3195,1.5453,0.4313
13,1198,2,3.1400,-0.9834,3.0056,15.1400,-0.9834,3.0056
14,14,2,-0.1357,-0.0533,0.2081,12.8643,-0.0533,0.2081
14,29,2,0.0464,0.9678,0.1684,13.0464,0.9678,0.1684
14,59,2,1.4238,0.8662,-0.9027,14.4238,0.8662,-0.9027
14,89,2,-0.0057,-0.0473,1.4174,12.9943,-0.0473,1.4174
14,103,2,0.7264,-2.6285,-1.5688,13.7264,-2.6285,-1.5688
14,104,2,-1.2867,-0.5697,0.9341,11.7133,-0.5697,0.9341
14,119,2,0.0978,-2.9862,3.4185,13.0978,-2.9862,3.4185
14,120,2,3.6904,0.3670,-1.3156,16.6904,0.3670,-1.3156
14,134,2,-0.1535,-1.1367,1.6753,12.8465,-1.1367,1.6753
14,135,2,-1.5600,0.8678,1.5679,11.4400,0.8678,1.5679
14,148,2,-0.7549,-3.2227,-1.7344,12.2451,-3.2227,-1.7344
14,164,2,-0.3716,2.9506,0.6947,12.6284,2.9506,0.6947
14,165,2,-0.1178,-0.0451,3.6130,12.8822,-0.0451,3.6130
14,179,2,-2.2865,2.3418,2.7645,10.7135,2.3418,2.7645
14,180,2,1.2267,1.1351,-0.8618,14.2267,1.1351,-0.8618
14,195,2,1.7932,-1.8939,0.4375,14.7932,-1.8939,0.4375
14,209,2,-0.2930,-0.9900,-0.5321,12.7070,-0.9900,-0.5321
14,210,2,1.2029,-0.3479,1.2396,14.2029,-0.3479,1.2396
14,223,2,0.2650,0.0689,-0.6587,13.2650,0.0689,-0.6587
14,224,2,0.3350,0.2413,0.1650,13.3350,0.2413,0.1650
14,239,2,-0.4061,-3.2598,0.6001,12.5939,-3.2598,0.6001
14,255,2,1.1851,0.2799,1.0943,14.1851,0.2799,1.0943
14,269,2,1.5174,2.4074,2.1372,14.5174,2.4074,2.1372
14,284,2,2.3556,-1.6261,-1.2483,15.3556,-1.6261,-1.2483
14,285,2,-0.4127,1.9402,2.6608,12.5873,1.9402,2.6608
14,299,2,0.4533,-1.2741,0.3884,13.4533,-1.2741,0.3884
14,313,2,-3.9101,-1.3551,3.3790,9.0899,-1.3551,3.3790
14,314,2,1.6856,1.0311,-1.4663,14.6856,1.0311,-1.4663
14,315,2,1.7831,-0.1678,4.5264,14.7831,-0.1678,4.5264
14,328,2,-1.5039,-0.0531,1.0717,11.4961,-0.0531,1.0717
14,345,2,3.5054,0.8590,-0.6789,16.5054,0.8590,-0.6789
14,359,2,-2.9002,-1.4636,2.8146,10.0998,-1.4636,2.8146
14,389,2,0.0502,0.1357,-0.1888,13.0502,0.1357,-0.1888
14,404,2,-0.6144,3.1724,3.1583,12.3856,3.1724,3.1583
14,405,2,0.6740,0.2977,1.1898,13.6740,0.2977,1.1898
14,433,2,-3.7669,1.7334,0.0947,9.2331,1.7334,0.0947
14,434,2,1.5911,0.5349,0.1794,14.5911,0.5349,0.1794
14,448,2,-2.1517,-0.1463,-2.0440,10.8483,-0.1463,-2.0440
14,449,2,-0.2175,0.0934,4.7107,12.7825,0.0934,4.7107
14,450,2,3.9280,-1.1610,-0.8229,16.9280,-1.1610,-0.8229
14,463,2,-0.8126,-0.2221,0.1835,12.1874,-0.2221,0.1835
14,480,2,2.4724,-1.2295,2.4389,15.4724,-1.2295,2.4389
14,493,2,-0.5778,-0.1117,0.6260,12.4222,-0.1117,0.6260
14,494,2,-0.7536,-2.0154,0.1757,12.2464,-2.0154,0.1757
14,508,2,-2.4731,2.2578,2.4489,10.5269,2.2578,2.4489
14,524,2,0.0844,-0.0119,3.3372,13.0844,-0.0119,3.3372
14,525,2,4.0324,0.9130,0.7871,17.0324,0.9130,0.7871
14,539,2,-0.1349,1.1574,1.0799,12.8651,1.1574,1.0799
14,540,2,2.5116,-2.9151,-1.6542,15.5116,-2.9151,-1.6542
14,554,2,1.5149,-1.2152,2.4170,14.5149,-1.2152,2.4170
14,569,2,-0.0413,1.1857,-0.2813,12.9587,1.1857,-0.2813
14,584,2,-2.1067,1.0185,2.4898,10.8933,1.0185,2.4898
14,598,2,-1.0650,-0.2897,3.8001,11.9350,-0.2897,3.8001
14,599,2,2.8633,-1.5815,1.7982,15.8633,-1.5815,1.7982
14,600,2,-0.1718,2.9565,2.5985,12.8282,2.9565,2.5985
14,614,2,0.5859,-0.7499,1.8931,13.5859,-0.7499,1.8931
14,615,2,1.7865,0.8412,1.4224,14.7865,0.8412,1.4224
14,644,2,2.5005,2.0308,2.8524,15.5005,2.0308,2.8524
14,645,2,2.1701,0.9674,2.7407,15.1701,0.9674,2.7407
14,658,2,-0.8191,0.1334,4.7536,12.1809,0.1334,4.7536
14,659,2,0.5762,0.3256,3.2337,13.5762,0.3256,3.2337
14,674,2,0.0726,0.1085,1.6406,13.0726,0.1085,1.6406
14,675,2,2.8474,0.8852,-0.3312,15.8474,0.8852,-0.3312
14,689,2,-0.1114,0.1674,1.3970,12.8886,0.1674,1.3970
14,704,2,2.8676,1.4781,-0.2906,15.8676,1.4781,-0.2906
14,705,2,3.9878,-0.6556,3.7323,16.9878,-0.6556,3.7323
14,719,2,0.0538,1.0398,1.8511,13.0538,1.0398,1.8511
14,720,2,0.7985,-0.3339,0.9871,13.7985,-0.3339,0.9871
14,748,2,0.1299,-2.5831,1.8482,13.1299,-2.5831,1.8482
14,764,2,-0.0589,1.2912,4.8262,12.9411,1.2912,4.8262
14,765,2,0.5644,-0.3222,-0.1712,13.5644,-0.3222,-0.1712
14,794,2,0.8852,-0.4523,0.3408,13.8852,-0.4523,0.3408
14,795,2,0.4250,-2.0181,1.3903,13.4250,-2.0181,1.3903
14,809,2,0.1298,-0.3427,2.0293,13.1298,-0.3427,2.0293
14,810,2,0.9073,2.7093,2.4865,13.9073,2.7093,2.4865
14,823,2,-1.0689,0.0350,-0.1017,11.9311,0.0350,-0.1017
14,824,2,-0.1638,-2.6186,1.1088,12.8362,-2.6186,1.1088
14,825,2,-0.5197,-1.9092,2.6707,12.4803,-1.9092,2.6707
14,838,2,-1.0020,-0.0386,1.0089,11.9980,-0.0386,1.0089
14,840,2,-1.1641,-2.4530,1.6915,11.8359,-2.4530,1.6915
14,853,2,-0.5237,-0.2100,2.9804,12.4763,-0.2100,2.9804
14,854,2,0.8291,3.0628,2.3858,13.8291,3.0628,2.3858
14,855,2,1.8265,0.2524,-0.7648,14.8265,0.2524,-0.7648
14,869,2,-0.6823,-2.8959,0.0847,12.3177,-2.8959,0.0847
14,870,2,0.3858,1.7951,0.3303,13.3858,1.7951,0.3303
14,883,2,-0.7398,0.0393,1.6272,12.2602,0.0393,1.6272
14,884,2,-3.0331,-0.8598,3.0682,9.9669,-0.8598,3.0682
14,885,2,1.2588,0.1842,0.5958,14.2588,0.1842,0.5958
14,898,2,-0.3987,-2.2937,2.1718,12.6013,-2.2937,2.1718
14,899,2,0.7322,3.1658,0.9303,13.7322,3.1658,0.9303
14,900,2,2.4447,2.2671,-1.2526,15.4447,2.2671,-1.2526
14,914,2,-2.6137,0.9940,2.4080,10.3863,0.9940,2.4080
14,929,2,-0.1635,-0.0107,0.1536,12.8365,-0.0107,0.1536
14,930,2,2.9370,2.6586,-0.0315,15.9370,2.6586,-0.0315
14,944,2,2.6734,-1.1692,2.0783,15.6734,-1.1692,2.0783
14,958,2,-3.1368,-2.0448,1.2613,9.8632,-2.0448,1.2613
14,959,2,-0.5683,1.2786,-0.0850,12.4317,1.2786,-0.0850
14,960,2,-0.9256,-1.8955,0.6163,12.0744,-1.8955,0.6163
14,974,2,0.1191,2.8467,3.6287,13.1191,2.8467,3.6287
14,975,2,-0.7191,1.7901,1.1534,12.2809,1.7901,1.1534
14,990,2,2.0180,-0.0305,-1.4385,15.0180,-0.0305,-1.4385
14,1004,2,-3.1905,0.7857,1.8018,9.8095,0.7857,1.8018
14,1019,2,-1.0986,-3.0919,3.1410,11.9014,-3.0919,3.1410
14,1049,2,0.2951,0.2537,0.9177,13.2951,0.2537,0.9177
14,1063,2,-0.1427,-1.9039,0.8222,12.8573,-1.9039,0.8222
14,1064,2,-1.1418,1.7001,2.1993,11.8582,1.7001,2.1993
14,1065,2,2.6603,1.6134,3.4536,15.6603,1.6134,3.4536
14,1079,2,0.8918,-0.0722,-0.2245,13.8918,-0.0722,-0.2245
14,1080,2,0.6662,0.3162,1.3930,13.6662,0.3162,1.3930
14,1095,2,-0.1195,-0.1963,1.0779,12.8805,-0.1963,1.0779
14,1125,2,-1.5097,-0.8047,0.7328,11.4903,-0.8047,0.7328
14,1139,2,-0.5646,0.3233,1.9185,12.4354,0.3233,1.9185
14,1153,2,-2.5870,2.5454,-0.7764,10.4130,2.5454,-0.7764
14,1154,2,0.0020,3.2656,2.8638,13.0020,3.2656,2.8638
14,1168,2,-1.2979,-0.3970,4.0475,11.7021,-0.3970,4.0475
14,1199,2,0.0859,0.1263,4.4690,13.0859,0.1263,4.4690
14,1200,2,0.4058,-0.7270,1.4119,13.4058,-0.7270,1.4119
15,14,2,-1.1319,-0.0554,0.2072,12.8681,-0.0554,0.2072
15,104,2,-2.2848,-0.5649,0.9402,11.7152,-0.5649,0.9402
15,120,2,2.7042,0.3582,-1.3061,16.7042,0.3582,-1.3061
15,134,2,-1.1451,-1.1424,1.6777,12.8549,-1.1424,1.6777
15,135,2,-2.5716,0.8688,1.5636,11.4284,0.8688,1.5636
15,164,2,-1.3772,2.9515,0.6937,12.6228,2.9515,0.6937
15,165,2,-1.1248,-0.0442,3.6218,12.8752,-0.0442,3.6218
15,180,2,0.2303,1.1231,-0.8715,14.2303,1.1231,-0.8715
15,195,2,0.7986,-1.8918,0.4357,14.7986,-1.8918,0.4357
15,210,2,0.2027,-0.3455,1.2355,14.2027,-0.3455,1.2355
15,224,2,-0.6711,0.2395,0.1671,13.3289,0.2395,0.1671
15,255,2,0.1993,0.2889,1.0939,14.1993,0.2889,1.0939
15,285,2,-1.4046,1.9368,2.6682,12.5954,1.9368,2.6682
15,315,2,0.7742,-0.1797,4.5409,14.7742,-0.1797,4.5409
15,345,2,2.4951,0.8489,-0.6869,16.4951,0.8489,-0.6869
15,359,2,-3.8977,-1.4600,2.8101,10.1023,-1.4600,2.8101
15,389,2,-0.9353,0.1413,-0.1801,13.0647,0.1413,-0.1801
15,404,2,-1.6194,3.1732,3.1578,12.3806,3.1732,3.1578
15,405,2,-0.3229,0.3028,1.1898,13.6771,0.3028,1.1898
15,434,2,0.5909,0.5365,0.1820,14.5909,0.5365,0.1820
15,449,2,-1.2201,0.1043,4.7104,12.7799,0.1043,4.7104
15,450,2,2.9253,-1.1749,-0.8097,16.9253,-1.1749,-0.8097
15,480,2,1.4735,-1.2292,2.4341,15.4735,-1.2292,2.4341
15,525,2,3.0289,0.9177,0.7835,17.0289,0.9177,0.7835
15,540,2,1.5040,-2.9125,-1.6587,15.5040,-2.9125,-1.6587
15,554,2,0.5124,-1.2173,2.4166,14.5124,-1.2173,2.4166
15,600,2,-1.1726,2.9505,2.5960,12.8274,2.9505,2.5960
15,615,2,0.7877,0.8447,1.4303,14.7877,0.8447,1.4303
15,644,2,1.5032,2.0290,2.8478,15.5032,2.0290,2.8478
15,645,2,1.1728,0.9552,2.7348,15.1728,0.9552,2.7348
15,659,2,-0.4196,0.3243,3.2408,13.5804,0.3243,3.2408
15,674,2,-0.9371,0.1089,1.6512,13.0629,0.1089,1.6512
15,675,2,1.8561,0.8891,-0.3361,15.8561,0.8891,-0.3361
15,689,2,-1.1214,0.1630,1.3918,12.8786,0.1630,1.3918
15,704,2,1.8682,1.4824,-0.3025,15.8682,1.4824,-0.3025
15,705,2,2.9896,-0.6638,3.7196,16.9896,-0.6638,3.7196
15,720,2,-0.1849,-0.3435,0.9983,13.8151,-0.3435,0.9983
15,765,2,-0.4249,-0.3152,-0.1770,13.5751,-0.3152,-0.1770
15,795,2,-0.5674,-2.0277,1.3904,13.4326,-2.0277,1.3904
15,810,2,-0.0834,2.7077,2.4904,13.9166,2.7077,2.4904
15,825,2,-1.5295,-1.9149,2.6758,12.4705,-1.9149,2.6758
15,840,2,-2.1659,-2.4621,1.6985,11.8341,-2.4621,1.6985
15,855,2,0.8372,0.2661,-0.7696,14.8372,0.2661,-0.7696
15,870,2,-0.6091,1.8016,0.3250,13.3909,1.8016,0.3250
15,885,2,0.2600,0.1810,0.6000,14.2600,0.1810,0.6000
15,900,2,1.4520,2.2598,-1.2397,15.4520,2.2598,-1.2397
15,929,2,-1.1744,-0.0135,0.1571,12.8256,-0.0135,0.1571
15,930,2,1.9254,2.6489,-0.0282,15.9254,2.6489,-0.0282
15,944,2,1.6784,-1.1794,2.0902,15.6784,-1.1794,2.0902
15,960,2,-1.9127,-1.8841,0.6173,12.0873,-1.8841,0.6173
15,975,2,-1.7252,1.7861,1.1572,12.2748,1.7861,1.1572
15,990,2,1.0167,-0.0370,-1.4385,15.0167,-0.0370,-1.4385
15,1004,2,-4.1959,0.7885,1.8018,9.8041,0.7885,1.8018
15,1019,2,-2.1091,-3.0917,3.1405,11.8909,-3.0917,3.1405
15,1049,2,-0.7039,0.2507,0.9149,13.2961,0.2507,0.9149
15,1065,2,1.6715,1.6164,3.4550,15.6715,1.6164,3.4550
15,1080,2,-0.3345,0.3180,1.3935,13.6655,0.3180,1.3935
15,1095,2,-1.1155,-0.1938,1.0696,12.8845,-0.1938,1.0696
15,1125,2,-2.5144,-0.7997,0.7370,11.4856,-0.7997,0.7370
15,1139,2,-1.5629,0.3334,1.9234,12.4371,0.3334,1.9234
15,1154,2,-0.9976,3.2739,2.8471,13.0024,3.2739,2.8471
15,1199,2,-0.9055,0.1220,4.4600,13.0945,0.1220,4.4600
15,1200,2,-0.5995,-0.7234,1.4223,13.4005,-0.7234,1.4223
