pose_id,feature_id,x,y,z,sigma_x,sigma_y,sigma_z
1,1,2.9403,-1.0103,-0.1967,0.0050,0.0050,0.0050
1,2,1.1086,0.0791,0.2350,0.0050,0.0050,0.0050
1,46,1.4928,-0.7319,-0.1074,0.0050,0.0050,0.0050
1,47,0.8777,0.1382,-0.0501,0.0050,0.0050,0.0050
1,61,-1.3339,2.7749,-1.3075,0.0050,0.0050,0.0050
1,76,3.0703,1.0230,2.6180,0.0050,0.0050,0.0050
1,77,0.2184,-0.7291,-0.3748,0.0050,0.0050,0.0050
1,91,-0.9460,2.1841,-1.3618,0.0050,0.0050,0.0050
1,107,-0.6818,-0.0757,1.9346,0.0050,0.0050,0.0050
1,121,2.6385,-0.2032,2.7946,0.0050,0.0050,0.0050
1,122,1.3377,2.6341,2.8031,0.0050,0.0050,0.0050
1,136,-0.0095,-0.0098,-0.4719,0.0050,0.0050,0.0050
1,181,0.7101,0.8351,-2.1307,0.0050,0.0050,0.0050
1,196,0.3295,-0.6978,1.5933,0.0050,0.0050,0.0050
1,212,-1.7710,1.7380,-0.6265,0.0050,0.0050,0.0050
1,226,-1.5662,-1.0362,1.9348,0.0050,0.0050,0.0050
1,227,2.2987,2.8441,0.5180,0.0050,0.0050,0.0050
1,241,0.4738,-1.6235,1.7586,0.0050,0.0050,0.0050
1,257,1.0071,-0.5612,1.8010,0.0050,0.0050,0.0050
1,331,0.2192,0.6567,-0.5066,0.0050,0.0050,0.0050
1,346,-0.1615,-0.3050,-0.3391,0.0050,0.0050,0.0050
1,347,4.2098,0.7337,1.1679,0.0050,0.0050,0.0050
1,376,0.2960,-0.9012,-0.0586,0.0050,0.0050,0.0050
1,451,1.6708,2.6493,3.1231,0.0050,0.0050,0.0050
1,467,0.5272,0.3115,4.2902,0.0050,0.0050,0.0050
1,481,0.1978,-1.4763,1.5716,0.0050,0.0050,0.0050
1,497,1.0096,0.1144,0.7946,0.0050,0.0050,0.0050
1,511,-2.7987,1.2726,0.8968,0.0050,0.0050,0.0050
1,512,3.4067,0.4478,3.4325,0.0050,0.0050,0.0050
1,541,-0.3496,0.0491,0.0293,0.0050,0.0050,0.0050
1,542,0.3267,-2.2743,0.9059,0.0050,0.0050,0.0050
1,556,0.0307,0.4102,-0.4828,0.0050,0.0050,0.0050
1,557,0.6223,-0.1303,-0.4574,0.0050,0.0050,0.0050
1,572,-0.6968,2.7822,1.6616,0.0050,0.0050,0.0050
1,586,0.4255,1.8167,2.3546,0.0050,0.0050,0.0050
1,617,1.2473,-0.8800,-1.4678,0.0050,0.0050,0.0050
1,631,-0.1502,0.2283,0.8383,0.0050,0.0050,0.0050
1,632,3.0338,-2.1103,-0.3672,0.0050,0.0050,0.0050
1,646,-0.1373,-0.2730,-0.8650,0.0050,0.0050,0.0050
1,647,-0.4732,-1.9672,-1.2647,0.0050,0.0050,0.0050
1,662,1.2559,-0.4703,0.9876,0.0050,0.0050,0.0050
1,676,-1.3385,0.2548,2.9484,0.0050,0.0050,0.0050
1,677,-0.5083,0.8964,-0.3002,0.0050,0.0050,0.0050
1,691,3.1032,-1.0622,3.0244,0.0050,0.0050,0.0050
1,706,-0.3849,2.4216,4.0407,0.0050,0.0050,0.0050
1,707,1.2118,-2.2239,-1.0494,0.0050,0.0050,0.0050
1,721,-0.0260,-0.2574,0.4172,0.0050,0.0050,0.0050
1,722,1.8531,2.0492,3.2816,0.0050,0.0050,0.0050
1,737,0.8233,0.0677,-0.4498,0.0050,0.0050,0.0050
1,751,0.3859,0.0204,1.4940,0.0050,0.0050,0.0050
1,767,-0.8725,-0.8994,0.8764,0.0050,0.0050,0.0050
1,782,1.7505,-2.4424,4.0164,0.0050,0.0050,0.0050
1,841,1.7034,-2.8050,1.6023,0.0050,0.0050,0.0050
1,842,4.1730,0.8360,1.9721,0.0050,0.0050,0.0050
1,871,2.4260,-1.4916,2.8618,0.0050,0.0050,0.0050
1,886,0.0812,1.7218,3.6069,0.0050,0.0050,0.0050
1,917,-0.2063,-0.1502,-0.6659,0.0050,0.0050,0.0050
1,977,1.4931,-0.0510,0.8067,0.0050,0.0050,0.0050
1,1007,0.8059,-0.1012,3.8270,0.0050,0.0050,0.0050
1,1022,3.3221,-1.8235,2.5208,0.0050,0.0050,0.0050
1,1051,0.5047,0.1463,1.0285,0.0050,0.0050,0.0050
1,1052,-0.5206,-1.2161,1.2062,0.0050,0.0050,0.0050
1,1081,0.2102,2.5716,-1.3076,0.0050,0.0050,0.0050
1,1111,2.2710,-2.1276,2.5129,0.0050,0.0050,0.0050
1,1126,0.1180,0.5312,0.8618,0.0050,0.0050,0.0050
1,1142,0.8394,0.2606,1.7020,0.0050,0.0050,0.0050
1,1156,0.3124,-0.1333,-0.6006,0.0050,0.0050,0.0050
1,1171,1.1993,-0.2592,2.0415,0.0050,0.0050,0.0050
1,1172,-0.4940,2.3078,-1.1810,0.0050,0.0050,0.0050
1,1186,-2.7522,-1.7842,-1.2227,0.0050,0.0050,0.0050
1,1187,0.6481,0.5414,0.0510,0.0050,0.0050,0.0050
2,1,1.9402,-1.0147,-0.1909,0.0050,0.0050,0.0050
2,2,0.1005,0.0833,0.2384,0.0050,0.0050,0.0050
2,17,-1.3428,1.6453,0.1303,0.0050,0.0050,0.0050
2,33,3.7056,1.5455,3.0035,0.0050,0.0050,0.0050
2,46,0.4906,-0.7166,-0.1083,0.0050,0.0050,0.0050
2,47,-0.1235,0.1347,-0.0491,0.0050,0.0050,0.0050
2,48,0.9562,0.4729,1.0684,0.0050,0.0050,0.0050
2,61,-2.3354,2.7688,-1.3115,0.0050,0.0050,0.0050
2,63,0.4338,-0.2380,-0.7419,0.0050,0.0050,0.0050
2,76,2.0819,1.0158,2.6129,0.0050,0.0050,0.0050
2,77,-0.7902,-0.7221,-0.3651,0.0050,0.0050,0.0050
2,91,-1.9462,2.1885,-1.3539,0.0050,0.0050,0.0050
2,93,3.8177,1.1925,0.9873,0.0050,0.0050,0.0050
2,107,-1.6834,-0.0774,1.9339,0.0050,0.0050,0.0050
2,108,1.3006,0.1135,0.8464,0.0050,0.0050,0.0050
2,121,1.6406,-0.2030,2.8155,0.0050,0.0050,0.0050
2,122,0.3387,2.6281,2.8105,0.0050,0.0050,0.0050
2,123,2.9834,-2.6213,0.6226,0.0050,0.0050,0.0050
2,136,-1.0104,-0.0154,-0.4670,0.0050,0.0050,0.0050
2,137,2.2896,0.1913,2.3936,0.0050,0.0050,0.0050
2,138,1.7701,1.6198,1.6063,0.0050,0.0050,0.0050
2,181,-0.2882,0.8370,-2.1373,0.0050,0.0050,0.0050
2,182,-0.0019,-0.4239,0.4476,0.0050,0.0050,0.0050
2,183,0.3809,-2.3311,2.4743,0.0050,0.0050,0.0050
2,196,-0.6660,-0.6980,1.5860,0.0050,0.0050,0.0050
2,197,0.0089,0.0039,4.4296,0.0050,0.0050,0.0050
2,212,-2.7582,1.7458,-0.6204,0.0050,0.0050,0.0050
2,213,-2.0024,1.0372,-0.5584,0.0050,0.0050,0.0050
2,226,-2.5713,-1.0276,1.9326,0.0050,0.0050,0.0050
2,227,1.2954,2.8418,0.5259,0.0050,0.0050,0.0050
2,241,-0.5242,-1.6250,1.7561,0.0050,0.0050,0.0050
2,257,0.0233,-0.5571,1.7915,0.0050,0.0050,0.0050
2,287,-0.3290,0.5445,0.0943,0.0050,0.0050,0.0050
2,303,1.5307,0.4220,-0.2454,0.0050,0.0050,0.0050
2,331,-0.7819,0.6535,-0.5015,0.0050,0.0050,0.0050
2,346,-1.1663,-0.3126,-0.3353,0.0050,0.0050,0.0050
2,347,3.2012,0.7292,1.1700,0.0050,0.0050,0.0050
2,348,0.7927,0.4682,-0.0270,0.0050,0.0050,0.0050
2,363,1.0361,-0.3251,-0.0283,0.0050,0.0050,0.0050
2,376,-0.7033,-0.9132,-0.0480,0.0050,0.0050,0.0050
2,377,-1.3484,-0.2977,-0.9850,0.0050,0.0050,0.0050
2,392,1.4763,2.7515,1.4673,0.0050,0.0050,0.0050
2,407,-1.1371,-0.6376,4.2423,0.0050,0.0050,0.0050
2,408,-0.4069,2.1459,-1.3456,0.0050,0.0050,0.0050
2,423,2.8121,-2.0986,3.0318,0.0050,0.0050,0.0050
2,451,0.6655,2.6483,3.1294,0.0050,0.0050,0.0050
2,452,-1.1457,1.7150,0.0074,0.0050,0.0050,0.0050
2,453,1.1075,0.0579,4.3330,0.0050,0.0050,0.0050
2,467,-0.4886,0.3175,4.2863,0.0050,0.0050,0.0050
2,481,-0.7996,-1.4792,1.5670,0.0050,0.0050,0.0050
2,482,0.4535,-1.8539,4.1207,0.0050,0.0050,0.0050
2,483,0.7340,0.0372,1.3654,0.0050,0.0050,0.0050
2,497,0.0014,0.1038,0.7869,0.0050,0.0050,0.0050
2,498,-2.2423,0.1488,3.2431,0.0050,0.0050,0.0050
2,511,-3.8051,1.2641,0.9008,0.0050,0.0050,0.0050
2,512,2.3951,0.4456,3.4328,0.0050,0.0050,0.0050
2,513,1.0534,-0.0139,1.1482,0.0050,0.0050,0.0050
2,541,-1.3411,0.0513,0.0297,0.0050,0.0050,0.0050
2,542,-0.6762,-2.2550,0.9002,0.0050,0.0050,0.0050
2,543,0.8879,0.1325,-0.3316,0.0050,0.0050,0.0050
2,556,-0.9785,0.4045,-0.4844,0.0050,0.0050,0.0050
2,557,-0.3798,-0.1343,-0.4725,0.0050,0.0050,0.0050
2,572,-1.6891,2.7943,1.6537,0.0050,0.0050,0.0050
2,586,-0.5679,1.8258,2.3460,0.0050,0.0050,0.0050
2,588,3.8921,-0.1199,-1.1020,0.0050,0.0050,0.0050
2,602,2.6734,-1.8553,-0.9868,0.0050,0.0050,0.0050
2,617,0.2460,-0.8769,-1.4630,0.0050,0.0050,0.0050
2,618,2.9187,0.4674,2.3451,0.0050,0.0050,0.0050
2,631,-1.1591,0.2314,0.8358,0.0050,0.0050,0.0050
2,632,2.0312,-2.1169,-0.3626,0.0050,0.0050,0.0050
2,646,-1.1330,-0.2759,-0.8616,0.0050,0.0050,0.0050
2,647,-1.4707,-1.9771,-1.2623,0.0050,0.0050,0.0050
2,662,0.2436,-0.4709,0.9891,0.0050,0.0050,0.0050
2,676,-2.3424,0.2528,2.9413,0.0050,0.0050,0.0050
2,677,-1.5124,0.9038,-0.2940,0.0050,0.0050,0.0050
2,678,-1.0034,0.4839,2.5080,0.0050,0.0050,0.0050
2,691,2.1042,-1.0610,3.0196,0.0050,0.0050,0.0050
2,692,0.1869,-1.0838,2.4463,0.0050,0.0050,0.0050
2,706,-1.3945,2.4255,4.0407,0.0050,0.0050,0.0050
2,707,0.2096,-2.2268,-1.0578,0.0050,0.0050,0.0050
2,708,-1.2305,-0.2407,2.5182,0.0050,0.0050,0.0050
2,721,-1.0249,-0.2568,0.4208,0.0050,0.0050,0.0050
2,722,0.8488,2.0406,3.2891,0.0050,0.0050,0.0050
2,723,1.7040,-3.0034,3.6946,0.0050,0.0050,0.0050
2,737,-0.1722,0.0707,-0.4425,0.0050,0.0050,0.0050
2,738,3.1796,1.9259,-0.4426,0.0050,0.0050,0.0050
2,751,-0.6140,0.0142,1.4893,0.0050,0.0050,0.0050
2,752,-0.2896,1.4420,0.6926,0.0050,0.0050,0.0050
2,767,-1.8826,-0.9048,0.8768,0.0050,0.0050,0.0050
2,782,0.7496,-2.4530,4.0125,0.0050,0.0050,0.0050
2,797,-0.5134,1.2223,2.1777,0.0050,0.0050,0.0050
2,813,0.9944,-0.0021,-0.5715,0.0050,0.0050,0.0050
2,828,2.2196,1.7921,-1.4192,0.0050,0.0050,0.0050
2,841,0.7061,-2.8065,1.6088,0.0050,0.0050,0.0050
2,842,3.1806,0.8415,1.9574,0.0050,0.0050,0.0050
2,857,3.0243,-1.0369,2.4817,0.0050,0.0050,0.0050
2,871,1.4167,-1.4855,2.8633,0.0050,0.0050,0.0050
2,872,-0.3300,0.7251,1.8947,0.0050,0.0050,0.0050
2,873,3.3183,-0.8709,-0.0240,0.0050,0.0050,0.0050
2,886,-0.9267,1.7051,3.6136,0.0050,0.0050,0.0050
2,902,-0.0239,-0.0863,-0.0665,0.0050,0.0050,0.0050
2,917,-1.2076,-0.1363,-0.6679,0.0050,0.0050,0.0050
2,932,0.7293,1.3264,1.1056,0.0050,0.0050,0.0050
2,933,2.7724,2.5670,3.0169,0.0050,0.0050,0.0050
2,947,-1.9912,-0.0413,0.7284,0.0050,0.0050,0.0050
2,948,1.0245,0.0461,3.1886,0.0050,0.0050,0.0050
2,963,-1.4544,0.7920,2.2697,0.0050,0.0050,0.0050
2,977,0.4992,-0.0435,0.8125,0.0050,0.0050,0.0050
2,1007,-0.2055,-0.1015,3.8303,0.0050,0.0050,0.0050
2,1022,2.3296,-1.8187,2.5194,0.0050,0.0050,0.0050
2,1051,-0.5027,0.1397,1.0374,0.0050,0.0050,0.0050
2,1052,-1.5246,-1.2237,1.2003,0.0050,0.0050,0.0050
2,1053,1.6644,-2.2035,2.6328,0.0050,0.0050,0.0050
2,1068,0.6287,0.0349,4.6956,0.0050,0.0050,0.0050
2,1081,-0.7815,2.5768,-1.3190,0.0050,0.0050,0.0050
2,1083,1.6509,0.2051,4.7730,0.0050,0.0050,0.0050
2,1111,1.2667,-2.1241,2.5057,0.0050,0.0050,0.0050
2,1112,-0.5833,0.0609,1.1331,0.0050,0.0050,0.0050
2,1113,-0.1453,3.0824,-0.9941,0.0050,0.0050,0.0050
2,1126,-0.8837,0.5303,0.8517,0.0050,0.0050,0.0050
2,1127,1.3636,-2.7364,1.3332,0.0050,0.0050,0.0050
2,1128,1.8270,-2.0348,1.8503,0.0050,0.0050,0.0050
2,1142,-0.1619,0.2680,1.6889,0.0050,0.0050,0.0050
2,1156,-0.6895,-0.1340,-0.5976,0.0050,0.0050,0.0050
2,1171,0.2009,-0.2583,2.0375,0.0050,0.0050,0.0050
2,1172,-1.4964,2.3128,-1.1723,0.0050,0.0050,0.0050
2,1173,1.1734,2.1437,3.7108,0.0050,0.0050,0.0050
2,1186,-3.7494,-1.7944,-1.2358,0.0050,0.0050,0.0050
2,1187,-0.3531,0.5349,0.0453,0.0050,0.0050,0.0050
3,3,0.3536,0.1406,1.1447,0.0050,0.0050,0.0050
3,4,0.8670,-0.5230,0.9804,0.0050,0.0050,0.0050
3,17,-2.3542,1.6554,0.1312,0.0050,0.0050,0.0050
3,33,2.7059,1.5422,3.0072,0.0050,0.0050,0.0050
3,48,-0.0476,0.4515,1.0639,0.0050,0.0050,0.0050
3,63,-0.5633,-0.2410,-0.7477,0.0050,0.0050,0.0050
3,64,0.4948,-2.9645,1.8229,0.0050,0.0050,0.0050
3,93,2.8309,1.1955,0.9838,0.0050,0.0050,0.0050
3,94,0.9005,-0.8323,0.6280,0.0050,0.0050,0.0050
3,108,0.3060,0.1218,0.8422,0.0050,0.0050,0.0050
3,109,3.3321,-2.3094,1.3301,0.0050,0.0050,0.0050
3,123,1.9848,-2.6183,0.6250,0.0050,0.0050,0.0050
3,137,1.2919,0.1805,2.4012,0.0050,0.0050,0.0050
3,138,0.7628,1.6151,1.6054,0.0050,0.0050,0.0050
3,139,-0.3103,1.1036,-0.8869,0.0050,0.0050,0.0050
3,153,1.0604,-2.7839,1.8172,0.0050,0.0050,0.0050
3,154,1.7064,-2.2251,2.5925,0.0050,0.0050,0.0050
3,168,2.1667,-0.9876,2.4434,0.0050,0.0050,0.0050
3,169,1.1842,0.1965,0.9393,0.0050,0.0050,0.0050
3,182,-0.9996,-0.4235,0.4429,0.0050,0.0050,0.0050
3,183,-0.6183,-2.3367,2.4661,0.0050,0.0050,0.0050
3,184,1.7577,-0.0285,1.9106,0.0050,0.0050,0.0050
3,197,-1.0038,0.0094,4.4382,0.0050,0.0050,0.0050
3,198,-2.4283,-1.2019,-0.2622,0.0050,0.0050,0.0050
3,213,-3.0183,1.0229,-0.5622,0.0050,0.0050,0.0050
3,243,-2.7701,1.2567,1.6279,0.0050,0.0050,0.0050
3,259,3.5978,1.9314,2.9960,0.0050,0.0050,0.0050
3,273,-0.4251,-2.7829,1.9988,0.0050,0.0050,0.0050
3,274,1.0533,-0.0101,0.1903,0.0050,0.0050,0.0050
3,287,-1.3228,0.5459,0.1033,0.0050,0.0050,0.0050
3,303,0.5368,0.4293,-0.2514,0.0050,0.0050,0.0050
3,304,-0.8835,-1.8649,2.2492,0.0050,0.0050,0.0050
3,318,2.3284,-2.1686,2.3869,0.0050,0.0050,0.0050
3,319,-0.5529,-1.5173,3.1631,0.0050,0.0050,0.0050
3,348,-0.1931,0.4750,-0.0129,0.0050,0.0050,0.0050
3,363,0.0485,-0.3278,-0.0238,0.0050,0.0050,0.0050
3,377,-2.3416,-0.3013,-0.9925,0.0050,0.0050,0.0050
3,378,-0.5369,-0.4111,3.8777,0.0050,0.0050,0.0050
3,392,0.4813,2.7476,1.4708,0.0050,0.0050,0.0050
3,393,0.2937,-0.4347,-0.1222,0.0050,0.0050,0.0050
3,407,-2.1252,-0.6482,4.2536,0.0050,0.0050,0.0050
3,408,-1.4194,2.1406,-1.3508,0.0050,0.0050,0.0050
3,423,1.8109,-2.1031,3.0355,0.0050,0.0050,0.0050
3,439,-1.7765,-0.6609,3.2111,0.0050,0.0050,0.0050
3,452,-2.1591,1.7284,0.0085,0.0050,0.0050,0.0050
3,453,0.0997,0.0560,4.3394,0.0050,0.0050,0.0050
3,468,-0.7853,-0.2603,2.4045,0.0050,0.0050,0.0050
3,469,3.3029,-2.2162,1.6511,0.0050,0.0050,0.0050
3,482,-0.5388,-1.8499,4.1159,0.0050,0.0050,0.0050
3,483,-0.2683,0.0370,1.3704,0.0050,0.0050,0.0050
3,498,-3.2527,0.1505,3.2456,0.0050,0.0050,0.0050
3,513,0.0564,-0.0142,1.1429,0.0050,0.0050,0.0050
3,529,1.4151,0.0542,1.5423,0.0050,0.0050,0.0050
3,543,-0.1081,0.1357,-0.3384,0.0050,0.0050,0.0050
3,559,1.1856,-0.9673,2.3097,0.0050,0.0050,0.0050
3,573,-1.3538,0.9169,1.7826,0.0050,0.0050,0.0050
3,588,2.9077,-0.1219,-1.1016,0.0050,0.0050,0.0050
3,589,-0.9107,-2.4760,0.8140,0.0050,0.0050,0.0050
3,602,1.6791,-1.8557,-0.9700,0.0050,0.0050,0.0050
3,604,1.3466,-2.0152,-1.4727,0.0050,0.0050,0.0050
3,618,1.9284,0.4559,2.3438,0.0050,0.0050,0.0050
3,633,-2.1216,0.7609,2.5937,0.0050,0.0050,0.0050
3,634,0.1949,-2.4864,1.1352,0.0050,0.0050,0.0050
3,649,3.8715,1.5445,2.2675,0.0050,0.0050,0.0050
3,664,1.0472,0.1216,1.0016,0.0050,0.0050,0.0050
3,678,-2.0012,0.4904,2.5054,0.0050,0.0050,0.0050
3,692,-0.8129,-1.0878,2.4405,0.0050,0.0050,0.0050
3,693,0.2409,-0.7302,3.3788,0.0050,0.0050,0.0050
3,708,-2.2314,-0.2380,2.5144,0.0050,0.0050,0.0050
3,709,0.6566,-1.4467,2.1866,0.0050,0.0050,0.0050
3,723,0.7075,-3.0040,3.6913,0.0050,0.0050,0.0050
3,724,2.7286,-2.6817,1.5481,0.0050,0.0050,0.0050
3,738,2.1839,1.9228,-0.4478,0.0050,0.0050,0.0050
3,752,-1.2885,1.4463,0.7074,0.0050,0.0050,0.0050
3,768,-0.5344,2.1225,0.9283,0.0050,0.0050,0.0050
3,783,0.7348,-1.4099,0.3585,0.0050,0.0050,0.0050
3,797,-1.5034,1.2262,2.1780,0.0050,0.0050,0.0050
3,798,1.0591,-1.7426,2.4624,0.0050,0.0050,0.0050
3,813,0.0012,0.0057,-0.5568,0.0050,0.0050,0.0050
3,828,1.2137,1.7918,-1.4205,0.0050,0.0050,0.0050
3,829,1.0902,0.3062,2.4283,0.0050,0.0050,0.0050
3,844,1.1070,1.0750,-0.3468,0.0050,0.0050,0.0050
3,857,2.0082,-1.0373,2.4808,0.0050,0.0050,0.0050
3,872,-1.3215,0.7251,1.8997,0.0050,0.0050,0.0050
3,873,2.3237,-0.8803,-0.0247,0.0050,0.0050,0.0050
3,888,1.1398,-0.3235,4.4123,0.0050,0.0050,0.0050
3,889,1.6603,0.7704,3.2922,0.0050,0.0050,0.0050
3,902,-1.0326,-0.0938,-0.0666,0.0050,0.0050,0.0050
3,919,1.0391,-0.2098,0.9675,0.0050,0.0050,0.0050
3,932,-0.2755,1.3195,1.1066,0.0050,0.0050,0.0050
3,933,1.7729,2.5612,3.0127,0.0050,0.0050,0.0050
3,934,-1.6208,0.9784,3.8392,0.0050,0.0050,0.0050
3,947,-2.9927,-0.0438,0.7376,0.0050,0.0050,0.0050
3,948,0.0293,0.0411,3.1982,0.0050,0.0050,0.0050
3,963,-2.4544,0.8016,2.2716,0.0050,0.0050,0.0050
3,979,0.6567,-0.3047,1.0582,0.0050,0.0050,0.0050
3,1008,1.2807,-0.8534,2.2852,0.0050,0.0050,0.0050
3,1009,1.2198,-0.0965,-0.7664,0.0050,0.0050,0.0050
3,1023,-0.9958,2.1636,0.7097,0.0050,0.0050,0.0050
3,1038,1.6673,2.0908,3.6888,0.0050,0.0050,0.0050
3,1053,0.6598,-2.2051,2.6342,0.0050,0.0050,0.0050
3,1054,-0.1672,-2.1839,2.6480,0.0050,0.0050,0.0050
3,1068,-0.3615,0.0359,4.6808,0.0050,0.0050,0.0050
3,1083,0.6613,0.2027,4.7710,0.0050,0.0050,0.0050
3,1098,0.8271,3.1596,3.5286,0.0050,0.0050,0.0050
3,1099,0.4042,3.0968,-1.4922,0.0050,0.0050,0.0050
3,1112,-1.5767,0.0567,1.1443,0.0050,0.0050,0.0050
3,1113,-1.1466,3.0809,-0.9853,0.0050,0.0050,0.0050
3,1114,2.6640,2.2505,1.1728,0.0050,0.0050,0.0050
3,1127,0.3719,-2.7452,1.3288,0.0050,0.0050,0.0050
3,1128,0.8310,-2.0290,1.8422,0.0050,0.0050,0.0050
3,1129,2.2238,2.2281,-0.3214,0.0050,0.0050,0.0050
3,1143,-0.6193,-0.6915,2.4757,0.0050,0.0050,0.0050
3,1173,0.1657,2.1349,3.7173,0.0050,0.0050,0.0050
3,1188,-0.7833,-2.0471,-0.5432,0.0050,0.0050,0.0050
4,3,-0.6402,0.1379,1.1381,0.0050,0.0050,0.0050
4,4,-0.1329,-0.5208,0.9900,0.0050,0.0050,0.0050
4,5,1.2019,0.3185,0.0004,0.0050,0.0050,0.0050
4,20,1.7128,-2.6454,2.8353,0.0050,0.0050,0.0050
4,49,-0.8760,1.2526,4.2328,0.0050,0.0050,0.0050
4,50,4.2495,-0.3752,3.1627,0.0050,0.0050,0.0050
4,64,-0.5077,-2.9600,1.8274,0.0050,0.0050,0.0050
4,94,-0.1004,-0.8248,0.6428,0.0050,0.0050,0.0050
4,109,2.3383,-2.2984,1.3243,0.0050,0.0050,0.0050
4,110,1.1251,-1.5690,3.1003,0.0050,0.0050,0.0050
4,124,-0.7956,-1.8624,-0.4843,0.0050,0.0050,0.0050
4,139,-1.3107,1.0999,-0.8907,0.0050,0.0050,0.0050
4,140,-1.0347,0.2815,0.2552,0.0050,0.0050,0.0050
4,153,0.0712,-2.7804,1.8080,0.0050,0.0050,0.0050
4,154,0.7055,-2.2327,2.6033,0.0050,0.0050,0.0050
4,168,1.1665,-0.9880,2.4386,0.0050,0.0050,0.0050
4,169,0.1855,0.1998,0.9334,0.0050,0.0050,0.0050
4,184,0.7616,-0.0238,1.9077,0.0050,0.0050,0.0050
4,198,-3.4247,-1.2080,-0.2587,0.0050,0.0050,0.0050
4,200,-0.2989,-2.4566,3.3598,0.0050,0.0050,0.0050
4,229,-1.1923,-2.1251,4.0665,0.0050,0.0050,0.0050
4,243,-3.7670,1.2572,1.6377,0.0050,0.0050,0.0050
4,244,-1.3983,-2.8550,3.0893,0.0050,0.0050,0.0050
4,245,3.9838,-1.2973,-0.1450,0.0050,0.0050,0.0050
4,259,2.5957,1.9280,2.9887,0.0050,0.0050,0.0050
4,273,-1.4283,-2.7784,2.0009,0.0050,0.0050,0.0050
4,274,0.0624,-0.0083,0.1809,0.0050,0.0050,0.0050
4,289,1.2345,1.0998,1.7819,0.0050,0.0050,0.0050
4,304,-1.8867,-1.8567,2.2566,0.0050,0.0050,0.0050
4,305,-0.0012,0.5546,2.0958,0.0050,0.0050,0.0050
4,318,1.3199,-2.1723,2.3863,0.0050,0.0050,0.0050
4,319,-1.5567,-1.5320,3.1771,0.0050,0.0050,0.0050
4,334,-0.0197,-0.0523,1.5252,0.0050,0.0050,0.0050
4,335,-0.1672,2.9239,1.5188,0.0050,0.0050,0.0050
4,349,0.4209,0.5121,2.2344,0.0050,0.0050,0.0050
4,378,-1.5397,-0.4061,3.8784,0.0050,0.0050,0.0050
4,393,-0.7136,-0.4383,-0.1322,0.0050,0.0050,0.0050
4,394,-0.5237,0.6300,-2.2610,0.0050,0.0050,0.0050
4,424,-0.5415,-0.2687,1.6877,0.0050,0.0050,0.0050
4,425,1.3380,-1.2257,4.8783,0.0050,0.0050,0.0050
4,439,-2.7697,-0.6615,3.2129,0.0050,0.0050,0.0050
4,440,1.2593,-0.4126,-0.5146,0.0050,0.0050,0.0050
4,454,1.9243,-2.1247,2.5916,0.0050,0.0050,0.0050
4,468,-1.7970,-0.2618,2.4055,0.0050,0.0050,0.0050
4,469,2.2946,-2.2168,1.6473,0.0050,0.0050,0.0050
4,485,2.4773,0.6423,1.4042,0.0050,0.0050,0.0050
4,500,-0.7976,1.8926,0.9105,0.0050,0.0050,0.0050
4,514,-0.1891,-0.4587,0.3223,0.0050,0.0050,0.0050
4,529,0.4114,0.0547,1.5384,0.0050,0.0050,0.0050
4,530,0.1329,-0.3107,1.6033,0.0050,0.0050,0.0050
4,545,1.1740,-0.1189,-0.2530,0.0050,0.0050,0.0050
4,559,0.1989,-0.9669,2.3156,0.0050,0.0050,0.0050
4,560,1.0371,-0.1490,2.6741,0.0050,0.0050,0.0050
4,573,-2.3507,0.9261,1.7792,0.0050,0.0050,0.0050
4,574,-1.2228,-1.5797,1.2069,0.0050,0.0050,0.0050
4,589,-1.9119,-2.4688,0.8249,0.0050,0.0050,0.0050
4,590,2.4353,0.8686,1.6075,0.0050,0.0050,0.0050
4,604,0.3361,-2.0203,-1.4848,0.0050,0.0050,0.0050
4,605,1.5321,1.3563,3.5729,0.0050,0.0050,0.0050
4,633,-3.1193,0.7674,2.5866,0.0050,0.0050,0.0050
4,634,-0.8098,-2.4834,1.1500,0.0050,0.0050,0.0050
4,649,2.8778,1.5515,2.2623,0.0050,0.0050,0.0050
4,664,0.0425,0.1324,1.0059,0.0050,0.0050,0.0050
4,665,4.0465,-0.5072,3.0191,0.0050,0.0050,0.0050
4,680,2.1639,-0.2845,1.2285,0.0050,0.0050,0.0050
4,693,-0.7473,-0.7318,3.3742,0.0050,0.0050,0.0050
4,709,-0.3409,-1.4610,2.1936,0.0050,0.0050,0.0050
4,710,1.3510,0.7880,3.3728,0.0050,0.0050,0.0050
4,724,1.7374,-2.6705,1.5413,0.0050,0.0050,0.0050
4,754,2.0940,-1.1073,3.9844,0.0050,0.0050,0.0050
4,768,-1.5300,2.1257,0.9300,0.0050,0.0050,0.0050
4,783,-0.2765,-1.4110,0.3544,0.0050,0.0050,0.0050
4,784,1.5698,-2.6341,2.9600,0.0050,0.0050,0.0050
4,798,0.0576,-1.7542,2.4685,0.0050,0.0050,0.0050
4,814,1.1894,-0.0628,1.5668,0.0050,0.0050,0.0050
4,815,3.2562,-2.3925,2.6533,0.0050,0.0050,0.0050
4,829,0.1020,0.3009,2.4252,0.0050,0.0050,0.0050
4,844,0.1095,1.0761,-0.3544,0.0050,0.0050,0.0050
4,874,-2.5902,-1.9132,3.0361,0.0050,0.0050,0.0050
4,888,0.1400,-0.3298,4.4048,0.0050,0.0050,0.0050
4,889,0.6713,0.7817,3.2891,0.0050,0.0050,0.0050
4,904,1.1526,-1.8292,-1.7755,0.0050,0.0050,0.0050
4,919,0.0339,-0.2088,0.9642,0.0050,0.0050,0.0050
4,934,-2.6216,0.9847,3.8418,0.0050,0.0050,0.0050
4,950,-2.0583,0.0247,2.2838,0.0050,0.0050,0.0050
4,979,-0.3439,-0.3037,1.0667,0.0050,0.0050,0.0050
4,994,-0.4009,2.0135,2.5058,0.0050,0.0050,0.0050
4,1008,0.2747,-0.8569,2.2856,0.0050,0.0050,0.0050
4,1009,0.2292,-0.0854,-0.7734,0.0050,0.0050,0.0050
4,1023,-1.9954,2.1558,0.7080,0.0050,0.0050,0.0050
4,1038,0.6657,2.0838,3.6945,0.0050,0.0050,0.0050
4,1040,1.7618,0.1547,4.8695,0.0050,0.0050,0.0050
4,1054,-1.1629,-2.1891,2.6510,0.0050,0.0050,0.0050
4,1069,-3.0928,-1.1443,0.0424,0.0050,0.0050,0.0050
4,1084,-0.5772,0.0164,0.7651,0.0050,0.0050,0.0050
4,1085,1.4223,0.2196,0.2137,0.0050,0.0050,0.0050
4,1098,-0.1731,3.1638,3.5326,0.0050,0.0050,0.0050
4,1099,-0.5834,3.0842,-1.4919,0.0050,0.0050,0.0050
4,1114,1.6657,2.2382,1.1654,0.0050,0.0050,0.0050
4,1129,1.2252,2.2196,-0.3269,0.0050,0.0050,0.0050
4,1143,-1.6226,-0.6876,2.4681,0.0050,0.0050,0.0050
4,1144,-3.2016,0.6856,3.3199,0.0050,0.0050,0.0050
4,1145,0.8989,0.0657,4.6373,0.0050,0.0050,0.0050
4,1188,-1.7745,-2.0477,-0.5320,0.0050,0.0050,0.0050
5,5,0.1971,0.3111,0.0142,0.0050,0.0050,0.0050
5,20,0.7180,-2.6484,2.8370,0.0050,0.0050,0.0050
5,49,-1.8879,1.2538,4.2403,0.0050,0.0050,0.0050
5,50,3.2423,-0.3813,3.1744,0.0050,0.0050,0.0050
5,66,1.1752,0.0063,-1.8456,0.0050,0.0050,0.0050
5,96,0.9992,-0.0006,3.1295,0.0050,0.0050,0.0050
5,110,0.1243,-1.5823,3.0996,0.0050,0.0050,0.0050
5,111,0.6792,0.0832,1.7592,0.0050,0.0050,0.0050
5,124,-1.7928,-1.8536,-0.4741,0.0050,0.0050,0.0050
5,140,-2.0356,0.2845,0.2488,0.0050,0.0050,0.0050
5,156,0.9797,-0.0919,-0.1815,0.0050,0.0050,0.0050
5,170,-1.7317,2.2574,-1.2238,0.0050,0.0050,0.0050
5,185,0.4837,-0.7206,-1.7045,0.0050,0.0050,0.0050
5,200,-1.2969,-2.4550,3.3695,0.0050,0.0050,0.0050
5,216,1.2926,0.2924,-0.5474,0.0050,0.0050,0.0050
5,229,-2.1834,-2.1267,4.0638,0.0050,0.0050,0.0050
5,230,-0.1490,-0.7182,1.3808,0.0050,0.0050,0.0050
5,244,-2.4068,-2.8373,3.0868,0.0050,0.0050,0.0050
5,245,2.9894,-1.2882,-0.1519,0.0050,0.0050,0.0050
5,246,1.0195,0.0286,0.7727,0.0050,0.0050,0.0050
5,260,0.7029,1.7661,-2.0721,0.0050,0.0050,0.0050
5,261,1.5038,0.1283,0.5505,0.0050,0.0050,0.0050
5,289,0.2357,1.1014,1.7661,0.0050,0.0050,0.0050
5,290,0.1755,-0.1256,1.4260,0.0050,0.0050,0.0050
5,305,-0.9949,0.5588,2.0874,0.0050,0.0050,0.0050
5,320,-0.0707,3.2886,-0.9628,0.0050,0.0050,0.0050
5,334,-1.0199,-0.0549,1.5235,0.0050,0.0050,0.0050
5,335,-1.1589,2.9234,1.5258,0.0050,0.0050,0.0050
5,336,-1.5997,-1.4919,2.3501,0.0050,0.0050,0.0050
5,349,-0.5763,0.5188,2.2309,0.0050,0.0050,0.0050
5,351,0.8053,3.0126,0.2657,0.0050,0.0050,0.0050
5,365,0.1888,0.0440,1.0037,0.0050,0.0050,0.0050
5,380,0.9595,-2.6737,3.5437,0.0050,0.0050,0.0050
5,394,-1.5131,0.6364,-2.2583,0.0050,0.0050,0.0050
5,424,-1.5401,-0.2824,1.6833,0.0050,0.0050,0.0050
5,425,0.3350,-1.2170,4.8958,0.0050,0.0050,0.0050
5,440,0.2563,-0.4151,-0.5120,0.0050,0.0050,0.0050
5,454,0.9195,-2.1246,2.5918,0.0050,0.0050,0.0050
5,456,-0.1906,0.1298,-2.4176,0.0050,0.0050,0.0050
5,470,-0.7824,0.9914,1.8327,0.0050,0.0050,0.0050
5,471,0.3249,0.2800,4.4804,0.0050,0.0050,0.0050
5,485,1.4814,0.6527,1.3964,0.0050,0.0050,0.0050
5,500,-1.7903,1.8923,0.9188,0.0050,0.0050,0.0050
5,514,-1.1848,-0.4468,0.3230,0.0050,0.0050,0.0050
5,516,2.7996,-1.0184,-1.1416,0.0050,0.0050,0.0050
5,530,-0.8655,-0.3170,1.5967,0.0050,0.0050,0.0050
5,531,-1.6322,1.9628,0.2910,0.0050,0.0050,0.0050
5,545,0.1630,-0.1125,-0.2523,0.0050,0.0050,0.0050
5,546,0.0383,-0.8757,1.5435,0.0050,0.0050,0.0050
5,560,0.0327,-0.1475,2.6776,0.0050,0.0050,0.0050
5,574,-2.2163,-1.5753,1.2027,0.0050,0.0050,0.0050
5,575,-1.3830,1.1384,2.2385,0.0050,0.0050,0.0050
5,590,1.4418,0.8599,1.6034,0.0050,0.0050,0.0050
5,591,-1.0068,0.6013,-1.4698,0.0050,0.0050,0.0050
5,605,0.5296,1.3738,3.5769,0.0050,0.0050,0.0050
5,621,1.1661,0.3575,0.9319,0.0050,0.0050,0.0050
5,635,0.5626,-0.0427,1.5611,0.0050,0.0050,0.0050
5,636,1.3557,0.3464,0.9154,0.0050,0.0050,0.0050
5,650,0.4098,2.4667,3.6305,0.0050,0.0050,0.0050
5,665,3.0393,-0.5083,3.0059,0.0050,0.0050,0.0050
5,666,-1.1293,-0.9993,2.6631,0.0050,0.0050,0.0050
5,680,1.1649,-0.2816,1.2270,0.0050,0.0050,0.0050
5,681,1.0441,1.6448,3.1619,0.0050,0.0050,0.0050
5,695,-1.1025,2.2089,2.5696,0.0050,0.0050,0.0050
5,710,0.3610,0.7937,3.3784,0.0050,0.0050,0.0050
5,711,-0.3671,2.7642,-0.6151,0.0050,0.0050,0.0050
5,740,0.8068,-2.3305,4.0145,0.0050,0.0050,0.0050
5,741,-1.9319,0.9023,2.9346,0.0050,0.0050,0.0050
5,754,1.0768,-1.1061,3.9768,0.0050,0.0050,0.0050
5,756,3.1082,1.5187,0.2886,0.0050,0.0050,0.0050
5,770,-1.2468,0.1551,-1.4314,0.0050,0.0050,0.0050
5,771,-0.9229,-1.1461,2.5054,0.0050,0.0050,0.0050
5,784,0.5757,-2.6270,2.9677,0.0050,0.0050,0.0050
5,786,0.6534,0.0643,0.0790,0.0050,0.0050,0.0050
5,800,0.2948,-2.1815,-0.5280,0.0050,0.0050,0.0050
5,814,0.1893,-0.0631,1.5633,0.0050,0.0050,0.0050
5,815,2.2558,-2.3797,2.6486,0.0050,0.0050,0.0050
5,845,0.1775,-0.5950,-0.8582,0.0050,0.0050,0.0050
5,861,1.9184,-2.6835,1.2398,0.0050,0.0050,0.0050
5,874,-3.5893,-1.9156,3.0488,0.0050,0.0050,0.0050
5,875,1.4605,-2.9431,2.0636,0.0050,0.0050,0.0050
5,891,1.1605,0.2073,4.0684,0.0050,0.0050,0.0050
5,904,0.1560,-1.8318,-1.7729,0.0050,0.0050,0.0050
5,905,-0.8842,-0.2610,1.4302,0.0050,0.0050,0.0050
5,950,-3.0557,0.0253,2.2828,0.0050,0.0050,0.0050
5,966,-0.0804,0.2802,3.9692,0.0050,0.0050,0.0050
5,980,-0.8418,0.0760,-0.8250,0.0050,0.0050,0.0050
5,994,-1.4033,2.0141,2.5047,0.0050,0.0050,0.0050
5,995,-0.4735,2.9224,0.5224,0.0050,0.0050,0.0050
5,1010,0.6631,0.7113,2.0454,0.0050,0.0050,0.0050
5,1025,-0.2584,-0.4635,-0.2865,0.0050,0.0050,0.0050
5,1026,3.4844,-0.9581,-1.6294,0.0050,0.0050,0.0050
5,1040,0.7628,0.1643,4.8657,0.0050,0.0050,0.0050
5,1055,-0.9168,1.2732,-1.6095,0.0050,0.0050,0.0050
5,1069,-4.0759,-1.1424,0.0372,0.0050,0.0050,0.0050
5,1070,1.6994,1.4756,0.5926,0.0050,0.0050,0.0050
5,1084,-1.5852,0.0240,0.7484,0.0050,0.0050,0.0050
5,1085,0.4181,0.2256,0.2199,0.0050,0.0050,0.0050
5,1086,1.4085,-0.1974,1.1539,0.0050,0.0050,0.0050
5,1130,1.2589,3.0169,-0.6237,0.0050,0.0050,0.0050
5,1131,0.6411,-0.0117,1.5230,0.0050,0.0050,0.0050
5,1144,-4.2028,0.6916,3.3191,0.0050,0.0050,0.0050
5,1145,-0.1098,0.0502,4.6418,0.0050,0.0050,0.0050
5,1160,1.9018,-1.7124,1.9883,0.0050,0.0050,0.0050
5,1175,-1.3029,0.6958,0.0209,0.0050,0.0050,0.0050
5,1176,3.5758,-0.7371,0.5471,0.0050,0.0050,0.0050
5,1191,1.1657,-0.7960,1.6864,0.0050,0.0050,0.0050
6,6,0.1359,0.2206,3.6472,0.0050,0.0050,0.0050
6,37,-0.9884,2.5886,2.0842,0.0050,0.0050,0.0050
6,51,-2.2049,2.1566,-1.4927,0.0050,0.0050,0.0050
6,66,0.1884,0.0068,-1.8570,0.0050,0.0050,0.0050
6,81,-1.5101,1.0551,4.1996,0.0050,0.0050,0.0050
6,96,-0.0048,-0.0031,3.1260,0.0050,0.0050,0.0050
6,111,-0.3214,0.0931,1.7588,0.0050,0.0050,0.0050
6,126,0.0924,0.0983,2.4093,0.0050,0.0050,0.0050
6,141,1.1486,1.8208,2.5445,0.0050,0.0050,0.0050
6,156,-0.0218,-0.1045,-0.1835,0.0050,0.0050,0.0050
6,157,1.1834,-2.9405,2.4126,0.0050,0.0050,0.0050
6,170,-2.7390,2.2538,-1.2175,0.0050,0.0050,0.0050
6,171,-2.6691,0.3471,2.7278,0.0050,0.0050,0.0050
6,185,-0.5167,-0.7210,-1.6976,0.0050,0.0050,0.0050
6,186,0.0499,0.1778,0.0023,0.0050,0.0050,0.0050
6,201,-0.2803,-1.2622,2.0555,0.0050,0.0050,0.0050
6,202,1.9068,-1.5013,-1.2705,0.0050,0.0050,0.0050
6,216,0.2942,0.2971,-0.5446,0.0050,0.0050,0.0050
6,230,-1.1459,-0.7253,1.3831,0.0050,0.0050,0.0050
6,246,0.0205,0.0372,0.7592,0.0050,0.0050,0.0050
6,260,-0.2992,1.7560,-2.0701,0.0050,0.0050,0.0050
6,261,0.5116,0.1420,0.5503,0.0050,0.0050,0.0050
6,262,2.5028,1.4187,2.1924,0.0050,0.0050,0.0050
6,290,-0.8354,-0.1248,1.4192,0.0050,0.0050,0.0050
6,306,0.7981,2.3126,2.6827,0.0050,0.0050,0.0050
6,307,1.6104,-0.5736,-0.6295,0.0050,0.0050,0.0050
6,320,-1.0716,3.2906,-0.9735,0.0050,0.0050,0.0050
6,321,-0.3188,-0.2031,0.6522,0.0050,0.0050,0.0050
6,336,-2.5935,-1.4834,2.3485,0.0050,0.0050,0.0050
6,351,-0.1968,3.0205,0.2677,0.0050,0.0050,0.0050
6,352,2.8742,-1.9646,3.7760,0.0050,0.0050,0.0050
6,365,-0.8055,0.0429,0.9957,0.0050,0.0050,0.0050
6,366,-0.1854,-0.0644,3.3998,0.0050,0.0050,0.0050
6,367,1.8849,1.9648,2.4842,0.0050,0.0050,0.0050
6,380,-0.0505,-2.6778,3.5199,0.0050,0.0050,0.0050
6,381,-0.0940,-0.1777,1.4283,0.0050,0.0050,0.0050
6,396,-2.7209,-1.4763,-0.4372,0.0050,0.0050,0.0050
6,411,-0.5342,0.0767,1.6701,0.0050,0.0050,0.0050
6,426,-0.0185,-0.1756,1.6437,0.0050,0.0050,0.0050
6,456,-1.1891,0.1305,-2.4127,0.0050,0.0050,0.0050
6,470,-1.7765,0.9824,1.8400,0.0050,0.0050,0.0050
6,471,-0.6775,0.2844,4.4837,0.0050,0.0050,0.0050
6,472,1.1747,-0.8843,0.2386,0.0050,0.0050,0.0050
6,501,2.6585,0.4132,3.0279,0.0050,0.0050,0.0050
6,516,1.8023,-1.0176,-1.1602,0.0050,0.0050,0.0050
6,517,1.5111,-0.1354,0.2171,0.0050,0.0050,0.0050
6,531,-2.6413,1.9596,0.2921,0.0050,0.0050,0.0050
6,532,1.3117,3.0290,1.4770,0.0050,0.0050,0.0050
6,546,-0.9513,-0.8841,1.5589,0.0050,0.0050,0.0050
6,547,-0.9520,-2.6466,2.9365,0.0050,0.0050,0.0050
6,575,-2.3916,1.1254,2.2373,0.0050,0.0050,0.0050
6,576,0.1473,0.4767,0.0530,0.0050,0.0050,0.0050
6,591,-2.0088,0.6058,-1.4744,0.0050,0.0050,0.0050
6,606,-1.1683,-3.0008,-1.3229,0.0050,0.0050,0.0050
6,607,0.7827,-0.1186,0.6929,0.0050,0.0050,0.0050
6,621,0.1713,0.3545,0.9157,0.0050,0.0050,0.0050
6,635,-0.4420,-0.0441,1.5518,0.0050,0.0050,0.0050
6,636,0.3603,0.3421,0.9212,0.0050,0.0050,0.0050
6,650,-0.5834,2.4654,3.6354,0.0050,0.0050,0.0050
6,666,-2.1352,-1.0043,2.6593,0.0050,0.0050,0.0050
6,667,1.0477,0.1364,2.6915,0.0050,0.0050,0.0050
6,681,0.0384,1.6362,3.1714,0.0050,0.0050,0.0050
6,695,-2.1006,2.2120,2.5639,0.0050,0.0050,0.0050
6,696,-1.0525,1.8885,3.8939,0.0050,0.0050,0.0050
6,697,-1.6725,-0.9275,1.0151,0.0050,0.0050,0.0050
6,711,-1.3620,2.7657,-0.6106,0.0050,0.0050,0.0050
6,727,2.2477,-0.7702,1.1259,0.0050,0.0050,0.0050
6,740,-0.2068,-2.3308,4.0242,0.0050,0.0050,0.0050
6,741,-2.9382,0.9000,2.9308,0.0050,0.0050,0.0050
6,756,2.1054,1.5320,0.2967,0.0050,0.0050,0.0050
6,757,0.2185,-0.1366,-0.9865,0.0050,0.0050,0.0050
6,770,-2.2416,0.1568,-1.4304,0.0050,0.0050,0.0050
6,771,-1.9191,-1.1472,2.5140,0.0050,0.0050,0.0050
6,772,0.4686,1.7015,-0.8920,0.0050,0.0050,0.0050
6,786,-0.3354,0.0643,0.0815,0.0050,0.0050,0.0050
6,800,-0.7015,-2.1766,-0.5294,0.0050,0.0050,0.0050
6,832,3.1327,0.3592,2.4636,0.0050,0.0050,0.0050
6,845,-0.8165,-0.6133,-0.8582,0.0050,0.0050,0.0050
6,846,-0.8156,3.1263,2.8675,0.0050,0.0050,0.0050
6,847,2.7280,-2.6093,1.7807,0.0050,0.0050,0.0050
6,861,0.9147,-2.6875,1.2298,0.0050,0.0050,0.0050
6,875,0.4622,-2.9455,2.0626,0.0050,0.0050,0.0050
6,877,0.9594,-0.3053,0.8399,0.0050,0.0050,0.0050
6,891,0.1625,0.2103,4.0725,0.0050,0.0050,0.0050
6,905,-1.8897,-0.2673,1.4266,0.0050,0.0050,0.0050
6,906,-1.4709,-2.8505,2.2900,0.0050,0.0050,0.0050
6,921,0.4204,3.2484,-0.2141,0.0050,0.0050,0.0050
6,966,-1.0741,0.2741,3.9713,0.0050,0.0050,0.0050
6,967,2.8340,2.6713,0.7614,0.0050,0.0050,0.0050
6,980,-1.8477,0.0777,-0.8144,0.0050,0.0050,0.0050
6,995,-1.4848,2.9126,0.5296,0.0050,0.0050,0.0050
6,1010,-0.3268,0.7161,2.0443,0.0050,0.0050,0.0050
6,1012,0.9794,0.0030,1.0247,0.0050,0.0050,0.0050
6,1025,-1.2605,-0.4603,-0.2890,0.0050,0.0050,0.0050
6,1026,2.4819,-0.9465,-1.6231,0.0050,0.0050,0.0050
6,1055,-1.9225,1.2737,-1.6106,0.0050,0.0050,0.0050
6,1056,-0.0416,0.0450,1.4545,0.0050,0.0050,0.0050
6,1057,0.1043,0.7492,4.8414,0.0050,0.0050,0.0050
6,1070,0.6851,1.4806,0.5868,0.0050,0.0050,0.0050
6,1071,-0.0382,-0.0519,1.5156,0.0050,0.0050,0.0050
6,1086,0.4060,-0.1887,1.1505,0.0050,0.0050,0.0050
6,1117,1.0848,0.3811,1.1395,0.0050,0.0050,0.0050
6,1130,0.2464,3.0240,-0.6294,0.0050,0.0050,0.0050
6,1131,-0.3511,-0.0160,1.5270,0.0050,0.0050,0.0050
6,1160,0.9127,-1.7118,1.9787,0.0050,0.0050,0.0050
6,1161,0.1953,-0.2604,4.6120,0.0050,0.0050,0.0050
6,1175,-2.3095,0.7014,0.0241,0.0050,0.0050,0.0050
6,1176,2.5794,-0.7319,0.5364,0.0050,0.0050,0.0050
6,1177,1.7664,-2.3626,1.1847,0.0050,0.0050,0.0050
6,1191,0.1576,-0.7951,1.6905,0.0050,0.0050,0.0050
7,6,-0.8674,0.2178,3.6542,0.0050,0.0050,0.0050
7,7,-0.2420,-3.1435,3.0442,0.0050,0.0050,0.0050
7,37,-1.9932,2.5970,2.0769,0.0050,0.0050,0.0050
7,51,-3.2086,2.1500,-1.4980,0.0050,0.0050,0.0050
7,52,0.2758,0.1043,0.3609,0.0050,0.0050,0.0050
7,67,-0.0297,0.0255,-0.3210,0.0050,0.0050,0.0050
7,81,-2.5181,1.0498,4.1930,0.0050,0.0050,0.0050
7,82,-2.2548,2.3884,3.2415,0.0050,0.0050,0.0050
7,112,0.7884,1.6714,1.1874,0.0050,0.0050,0.0050
7,113,1.4036,-2.2188,4.0593,0.0050,0.0050,0.0050
7,126,-0.9066,0.0927,2.4040,0.0050,0.0050,0.0050
7,128,0.8937,-0.3452,-0.8570,0.0050,0.0050,0.0050
7,141,0.1471,1.8285,2.5412,0.0050,0.0050,0.0050
7,142,0.7914,-0.0076,-0.8055,0.0050,0.0050,0.0050
7,157,0.1781,-2.9462,2.4077,0.0050,0.0050,0.0050
7,171,-3.6714,0.3590,2.7237,0.0050,0.0050,0.0050
7,172,2.8194,-0.8053,-0.3890,0.0050,0.0050,0.0050
7,186,-0.9541,0.1880,-0.0017,0.0050,0.0050,0.0050
7,201,-1.2785,-1.2698,2.0534,0.0050,0.0050,0.0050
7,202,0.9101,-1.5074,-1.2713,0.0050,0.0050,0.0050
7,217,-0.0211,-0.6422,4.5276,0.0050,0.0050,0.0050
7,218,-0.8375,2.6833,2.7205,0.0050,0.0050,0.0050
7,233,1.8278,0.7665,0.0262,0.0050,0.0050,0.0050
7,247,0.3079,0.4238,0.8096,0.0050,0.0050,0.0050
7,248,1.1919,1.7073,2.0053,0.0050,0.0050,0.0050
7,262,1.5032,1.4206,2.1949,0.0050,0.0050,0.0050
7,292,-1.0097,2.3917,-0.6477,0.0050,0.0050,0.0050
7,306,-0.2020,2.3038,2.6749,0.0050,0.0050,0.0050
7,307,0.5977,-0.5763,-0.6367,0.0050,0.0050,0.0050
7,321,-1.3288,-0.1986,0.6598,0.0050,0.0050,0.0050
7,322,0.1388,-0.2832,-0.6124,0.0050,0.0050,0.0050
7,323,0.9131,-0.0441,0.9480,0.0050,0.0050,0.0050
7,337,0.1160,-0.0765,-0.2117,0.0050,0.0050,0.0050
7,352,1.8702,-1.9748,3.7818,0.0050,0.0050,0.0050
7,366,-1.1770,-0.0587,3.4040,0.0050,0.0050,0.0050
7,367,0.8902,1.9804,2.4858,0.0050,0.0050,0.0050
7,381,-1.0923,-0.1830,1.4198,0.0050,0.0050,0.0050
7,383,0.9570,-0.5266,0.3605,0.0050,0.0050,0.0050
7,396,-3.7181,-1.4603,-0.4328,0.0050,0.0050,0.0050
7,411,-1.5307,0.0928,1.6736,0.0050,0.0050,0.0050
7,412,-0.0516,-0.2396,-0.3613,0.0050,0.0050,0.0050
7,426,-1.0067,-0.1706,1.6489,0.0050,0.0050,0.0050
7,427,-2.8940,-1.1749,-1.0148,0.0050,0.0050,0.0050
7,442,-0.1108,-1.3526,-0.3287,0.0050,0.0050,0.0050
7,472,0.1708,-0.8757,0.2307,0.0050,0.0050,0.0050
7,501,1.6506,0.4029,3.0332,0.0050,0.0050,0.0050
7,517,0.4908,-0.1402,0.2102,0.0050,0.0050,0.0050
7,532,0.3149,3.0221,1.4841,0.0050,0.0050,0.0050
7,533,-1.3502,-1.7517,2.9633,0.0050,0.0050,0.0050
7,547,-1.9532,-2.6464,2.9307,0.0050,0.0050,0.0050
7,548,3.1563,-1.3100,-1.7491,0.0050,0.0050,0.0050
7,576,-0.8561,0.4866,0.0519,0.0050,0.0050,0.0050
7,577,-2.3603,-2.2646,2.6360,0.0050,0.0050,0.0050
7,606,-2.1681,-3.0000,-1.3266,0.0050,0.0050,0.0050
7,607,-0.2165,-0.1137,0.6937,0.0050,0.0050,0.0050
7,623,1.6076,-2.3150,-0.9290,0.0050,0.0050,0.0050
7,637,-1.5071,-1.3778,1.5109,0.0050,0.0050,0.0050
7,667,0.0522,0.1262,2.6930,0.0050,0.0050,0.0050
7,682,0.0466,-0.0407,1.5873,0.0050,0.0050,0.0050
7,696,-2.0399,1.8928,3.9023,0.0050,0.0050,0.0050
7,697,-2.6568,-0.9237,1.0190,0.0050,0.0050,0.0050
7,712,2.8454,0.4013,2.7478,0.0050,0.0050,0.0050
7,727,1.2365,-0.7736,1.1118,0.0050,0.0050,0.0050
7,742,-0.2525,-0.2189,1.3063,0.0050,0.0050,0.0050
7,757,-0.7779,-0.1331,-0.9816,0.0050,0.0050,0.0050
7,772,-0.5325,1.6939,-0.8838,0.0050,0.0050,0.0050
7,773,1.5181,-0.0538,0.9820,0.0050,0.0050,0.0050
7,787,0.3011,0.5688,3.4929,0.0050,0.0050,0.0050
7,802,-1.6225,-2.5491,2.9503,0.0050,0.0050,0.0050
7,803,1.0647,0.4263,1.1953,0.0050,0.0050,0.0050
7,817,-2.3528,0.8886,0.5892,0.0050,0.0050,0.0050
7,832,2.1162,0.3565,2.4547,0.0050,0.0050,0.0050
7,833,-1.9624,-1.1819,3.6184,0.0050,0.0050,0.0050
7,846,-1.8215,3.1327,2.8710,0.0050,0.0050,0.0050
7,847,1.7372,-2.6057,1.7858,0.0050,0.0050,0.0050
7,848,0.6517,-0.1304,0.6731,0.0050,0.0050,0.0050
7,862,0.8306,2.1679,1.9423,0.0050,0.0050,0.0050
7,863,-0.6885,0.6076,0.6703,0.0050,0.0050,0.0050
7,877,-0.0442,-0.3092,0.8343,0.0050,0.0050,0.0050
7,878,-0.6418,-0.5583,3.4487,0.0050,0.0050,0.0050
7,892,2.6176,1.9651,3.2952,0.0050,0.0050,0.0050
7,893,0.2659,-3.0666,0.3986,0.0050,0.0050,0.0050
7,906,-2.4736,-2.8606,2.2955,0.0050,0.0050,0.0050
7,921,-0.5770,3.2610,-0.2150,0.0050,0.0050,0.0050
7,922,0.1304,-0.3697,4.0717,0.0050,0.0050,0.0050
7,938,-1.8276,0.7232,3.6930,0.0050,0.0050,0.0050
7,952,-1.4707,-0.8993,-0.8838,0.0050,0.0050,0.0050
7,953,0.6612,0.7604,1.0661,0.0050,0.0050,0.0050
7,967,1.8353,2.6671,0.7581,0.0050,0.0050,0.0050
7,982,0.5475,-0.0775,2.7449,0.0050,0.0050,0.0050
7,998,1.0799,1.4207,-1.7474,0.0050,0.0050,0.0050
7,1012,-0.0213,0.0085,1.0228,0.0050,0.0050,0.0050
7,1056,-1.0488,0.0388,1.4546,0.0050,0.0050,0.0050
7,1057,-0.8873,0.7554,4.8246,0.0050,0.0050,0.0050
7,1058,1.0709,0.7100,0.9507,0.0050,0.0050,0.0050
7,1071,-1.0269,-0.0537,1.5168,0.0050,0.0050,0.0050
7,1117,0.0901,0.3937,1.1405,0.0050,0.0050,0.0050
7,1118,3.1207,-2.4155,1.0470,0.0050,0.0050,0.0050
7,1147,-1.4713,2.5656,-1.2951,0.0050,0.0050,0.0050
7,1161,-0.8037,-0.2510,4.5971,0.0050,0.0050,0.0050
7,1162,-1.0718,0.1815,-0.4063,0.0050,0.0050,0.0050
7,1177,0.7603,-2.3732,1.1918,0.0050,0.0050,0.0050
7,1178,0.9978,0.0024,3.4417,0.0050,0.0050,0.0050
8,7,-1.2445,-3.1395,3.0398,0.0050,0.0050,0.0050
8,8,-2.3491,-0.5142,2.6057,0.0050,0.0050,0.0050
8,9,1.8500,-0.8668,-0.6109,0.0050,0.0050,0.0050
8,23,-0.1964,-1.0537,4.2285,0.0050,0.0050,0.0050
8,39,-0.8248,-0.1566,3.5853,0.0050,0.0050,0.0050
8,52,-0.7196,0.1131,0.3721,0.0050,0.0050,0.0050
8,67,-1.0191,0.0153,-0.3144,0.0050,0.0050,0.0050
8,68,-0.0016,-1.9250,0.8468,0.0050,0.0050,0.0050
8,82,-3.2591,2.3894,3.2383,0.0050,0.0050,0.0050
8,83,-2.7844,1.6045,3.3441,0.0050,0.0050,0.0050
8,99,-0.5705,2.4294,2.8642,0.0050,0.0050,0.0050
8,112,-0.2169,1.6683,1.1847,0.0050,0.0050,0.0050
8,113,0.3944,-2.2308,4.0483,0.0050,0.0050,0.0050
8,128,-0.1000,-0.3382,-0.8513,0.0050,0.0050,0.0050
8,129,-0.5494,-0.7991,0.8863,0.0050,0.0050,0.0050
8,142,-0.2052,0.0014,-0.8041,0.0050,0.0050,0.0050
8,143,0.7098,2.1756,-1.0387,0.0050,0.0050,0.0050
8,172,1.8166,-0.8065,-0.3874,0.0050,0.0050,0.0050
8,188,0.3112,0.2472,0.4901,0.0050,0.0050,0.0050
8,189,-1.6002,1.9523,3.0182,0.0050,0.0050,0.0050
8,203,0.1954,-0.0015,1.5592,0.0050,0.0050,0.0050
8,217,-1.0282,-0.6475,4.5203,0.0050,0.0050,0.0050
8,218,-1.8291,2.6834,2.7130,0.0050,0.0050,0.0050
8,219,1.2580,0.4332,0.4628,0.0050,0.0050,0.0050
8,233,0.8207,0.7604,0.0267,0.0050,0.0050,0.0050
8,247,-0.6833,0.4304,0.8051,0.0050,0.0050,0.0050
8,248,0.1975,1.7129,2.0036,0.0050,0.0050,0.0050
8,264,0.8000,-0.4889,2.5949,0.0050,0.0050,0.0050
8,279,-0.1797,0.7524,-0.0496,0.0050,0.0050,0.0050
8,292,-2.0065,2.3867,-0.6446,0.0050,0.0050,0.0050
8,294,0.3593,-3.1869,3.4059,0.0050,0.0050,0.0050
8,308,-1.8394,-2.7231,3.1722,0.0050,0.0050,0.0050
8,322,-0.8643,-0.2857,-0.6276,0.0050,0.0050,0.0050
8,323,-0.0877,-0.0421,0.9507,0.0050,0.0050,0.0050
8,337,-0.8762,-0.0633,-0.2183,0.0050,0.0050,0.0050
8,338,-1.3091,2.8536,-1.0297,0.0050,0.0050,0.0050
8,339,2.0783,-1.6265,2.3590,0.0050,0.0050,0.0050
8,368,-1.9389,1.3857,1.6800,0.0050,0.0050,0.0050
8,369,3.9321,0.1650,3.8315,0.0050,0.0050,0.0050
8,383,-0.0378,-0.5281,0.3588,0.0050,0.0050,0.0050
8,398,0.4413,-0.2229,0.9235,0.0050,0.0050,0.0050
8,412,-1.0494,-0.2377,-0.3667,0.0050,0.0050,0.0050
8,413,0.8094,-0.4816,1.1721,0.0050,0.0050,0.0050
8,427,-3.8877,-1.1687,-1.0209,0.0050,0.0050,0.0050
8,442,-1.1158,-1.3516,-0.3263,0.0050,0.0050,0.0050
8,443,1.8825,-0.7399,-0.1373,0.0050,0.0050,0.0050
8,473,-2.1555,0.4674,1.2140,0.0050,0.0050,0.0050
8,474,1.9863,-2.0349,2.6069,0.0050,0.0050,0.0050
8,503,0.3831,-0.2969,1.1205,0.0050,0.0050,0.0050
8,518,2.9028,-1.5338,3.0304,0.0050,0.0050,0.0050
8,519,0.4222,0.8524,3.5808,0.0050,0.0050,0.0050
8,533,-2.3613,-1.7362,2.9543,0.0050,0.0050,0.0050
8,548,2.1560,-1.3156,-1.7507,0.0050,0.0050,0.0050
8,564,1.1349,0.0318,1.3640,0.0050,0.0050,0.0050
8,577,-3.3603,-2.2676,2.6338,0.0050,0.0050,0.0050
8,578,0.3073,-0.0856,3.3586,0.0050,0.0050,0.0050
8,593,2.8916,-1.5462,0.3420,0.0050,0.0050,0.0050
8,608,-0.0155,-0.6807,2.5803,0.0050,0.0050,0.0050
8,623,0.6145,-2.3166,-0.9295,0.0050,0.0050,0.0050
8,624,-1.2529,1.0196,2.2148,0.0050,0.0050,0.0050
8,637,-2.4902,-1.3710,1.5188,0.0050,0.0050,0.0050
8,653,3.2720,-0.1877,1.5518,0.0050,0.0050,0.0050
8,668,-0.2616,1.2519,3.1266,0.0050,0.0050,0.0050
8,669,-1.3838,0.4150,-0.3261,0.0050,0.0050,0.0050
8,682,-0.9521,-0.0289,1.5815,0.0050,0.0050,0.0050
8,712,1.8512,0.4010,2.7506,0.0050,0.0050,0.0050
8,713,-2.3643,0.9389,3.9339,0.0050,0.0050,0.0050
8,714,2.4308,0.3245,2.1016,0.0050,0.0050,0.0050
8,728,-0.1548,0.1451,1.3529,0.0050,0.0050,0.0050
8,742,-1.2580,-0.1999,1.2950,0.0050,0.0050,0.0050
8,743,-1.7746,-1.9146,1.8662,0.0050,0.0050,0.0050
8,758,1.2621,3.0232,-0.3440,0.0050,0.0050,0.0050
8,759,1.2573,0.1294,-0.2787,0.0050,0.0050,0.0050
8,773,0.5248,-0.0553,0.9754,0.0050,0.0050,0.0050
8,787,-0.6911,0.5619,3.4827,0.0050,0.0050,0.0050
8,802,-2.6312,-2.5477,2.9562,0.0050,0.0050,0.0050
8,803,0.0635,0.4148,1.2048,0.0050,0.0050,0.0050
8,817,-3.3569,0.8872,0.5837,0.0050,0.0050,0.0050
8,818,1.9322,0.9823,2.3797,0.0050,0.0050,0.0050
8,833,-2.9674,-1.1789,3.6096,0.0050,0.0050,0.0050
8,834,-1.9566,-1.3794,2.8693,0.0050,0.0050,0.0050
8,848,-0.3466,-0.1337,0.6780,0.0050,0.0050,0.0050
8,849,0.8608,-0.1519,1.7492,0.0050,0.0050,0.0050
8,862,-0.1662,2.1636,1.9496,0.0050,0.0050,0.0050
8,863,-1.6953,0.6000,0.6599,0.0050,0.0050,0.0050
8,864,-0.8804,-1.4075,0.8899,0.0050,0.0050,0.0050
8,878,-1.6411,-0.5588,3.4566,0.0050,0.0050,0.0050
8,879,1.4204,0.3277,0.3057,0.0050,0.0050,0.0050
8,892,1.6156,1.9605,3.3095,0.0050,0.0050,0.0050
8,893,-0.7337,-3.0750,0.3939,0.0050,0.0050,0.0050
8,908,2.5347,0.3680,0.3288,0.0050,0.0050,0.0050
8,909,-1.3185,-1.5424,-1.7159,0.0050,0.0050,0.0050
8,922,-0.8757,-0.3705,4.0693,0.0050,0.0050,0.0050
8,923,-0.9849,0.3074,1.2378,0.0050,0.0050,0.0050
8,924,1.0306,2.3536,0.8755,0.0050,0.0050,0.0050
8,938,-2.8180,0.7151,3.6908,0.0050,0.0050,0.0050
8,952,-2.4684,-0.9066,-0.8924,0.0050,0.0050,0.0050
8,953,-0.3392,0.7671,1.0510,0.0050,0.0050,0.0050
8,968,-3.0241,1.2561,3.0228,0.0050,0.0050,0.0050
8,969,-0.6193,2.8545,-1.4329,0.0050,0.0050,0.0050
8,982,-0.4479,-0.0817,2.7592,0.0050,0.0050,0.0050
8,998,0.0790,1.4199,-1.7449,0.0050,0.0050,0.0050
8,1028,-0.1044,0.0638,-1.9215,0.0050,0.0050,0.0050
8,1043,-2.3871,0.9131,2.7592,0.0050,0.0050,0.0050
8,1058,0.0726,0.7205,0.9482,0.0050,0.0050,0.0050
8,1059,-1.8965,0.7098,3.8175,0.0050,0.0050,0.0050
8,1088,2.8655,0.3968,3.4023,0.0050,0.0050,0.0050
8,1089,1.3895,0.2561,0.8354,0.0050,0.0050,0.0050
8,1103,1.5385,-2.8963,3.1847,0.0050,0.0050,0.0050
8,1118,2.1161,-2.4052,1.0599,0.0050,0.0050,0.0050
8,1133,0.4342,3.2605,3.1284,0.0050,0.0050,0.0050
8,1134,1.2521,-0.4759,-0.3287,0.0050,0.0050,0.0050
8,1147,-2.4670,2.5751,-1.2990,0.0050,0.0050,0.0050
8,1148,-2.9973,-1.3482,3.3425,0.0050,0.0050,0.0050
8,1162,-2.0715,0.1720,-0.4132,0.0050,0.0050,0.0050
8,1163,0.9393,0.5573,1.2337,0.0050,0.0050,0.0050
8,1164,3.7357,-1.3947,-0.2489,0.0050,0.0050,0.0050
8,1178,0.0025,0.0101,3.4500,0.0050,0.0050,0.0050
9,8,-3.3350,-0.5060,2.6074,0.0050,0.0050,0.0050
9,9,0.8580,-0.8729,-0.6062,0.0050,0.0050,0.0050
9,23,-1.1844,-1.0432,4.2286,0.0050,0.0050,0.0050
9,24,-0.8906,-1.8513,0.7545,0.0050,0.0050,0.0050
9,25,1.2498,-0.3565,-0.4171,0.0050,0.0050,0.0050
9,39,-1.8336,-0.1452,3.5915,0.0050,0.0050,0.0050
9,54,2.0869,0.6702,0.2980,0.0050,0.0050,0.0050
9,68,-1.0127,-1.9358,0.8469,0.0050,0.0050,0.0050
9,69,-1.2703,2.4211,2.6863,0.0050,0.0050,0.0050
9,83,-3.7737,1.5958,3.3374,0.0050,0.0050,0.0050
9,99,-1.5768,2.4327,2.8551,0.0050,0.0050,0.0050
9,129,-1.5500,-0.8076,0.8626,0.0050,0.0050,0.0050
9,143,-0.2864,2.1776,-1.0492,0.0050,0.0050,0.0050
9,144,-0.2616,-1.1999,3.9592,0.0050,0.0050,0.0050
9,145,1.0156,-0.0117,-0.3647,0.0050,0.0050,0.0050
9,159,2.1718,2.1853,-0.9369,0.0050,0.0050,0.0050
9,160,-2.1679,-0.8751,0.4701,0.0050,0.0050,0.0050
9,175,0.6062,0.0748,1.5367,0.0050,0.0050,0.0050
9,188,-0.6899,0.2461,0.4944,0.0050,0.0050,0.0050
9,189,-2.5931,1.9422,3.0131,0.0050,0.0050,0.0050
9,203,-0.8093,0.0023,1.5560,0.0050,0.0050,0.0050
9,204,2.6401,1.8508,2.5574,0.0050,0.0050,0.0050
9,205,-1.2774,0.5458,2.5114,0.0050,0.0050,0.0050
9,219,0.2577,0.4356,0.4675,0.0050,0.0050,0.0050
9,234,-0.1956,0.4244,1.8110,0.0050,0.0050,0.0050
9,249,-0.1900,-0.4841,1.4200,0.0050,0.0050,0.0050
9,264,-0.2055,-0.4863,2.5949,0.0050,0.0050,0.0050
9,265,0.8762,-0.5898,0.4423,0.0050,0.0050,0.0050
9,279,-1.1801,0.7579,-0.0505,0.0050,0.0050,0.0050
9,280,0.8503,0.0804,-0.1096,0.0050,0.0050,0.0050
9,294,-0.6430,-3.1881,3.4041,0.0050,0.0050,0.0050
9,308,-2.8357,-2.7177,3.1786,0.0050,0.0050,0.0050
9,324,0.2510,3.1963,0.8571,0.0050,0.0050,0.0050
9,338,-2.3026,2.8353,-1.0320,0.0050,0.0050,0.0050
9,339,1.0834,-1.6262,2.3613,0.0050,0.0050,0.0050
9,354,-0.3451,-0.1352,4.2127,0.0050,0.0050,0.0050
9,355,1.0505,-0.1516,0.6575,0.0050,0.0050,0.0050
9,368,-2.9377,1.3936,1.6890,0.0050,0.0050,0.0050
9,369,2.9446,0.1687,3.8312,0.0050,0.0050,0.0050
9,398,-0.5570,-0.2269,0.9257,0.0050,0.0050,0.0050
9,413,-0.1947,-0.4924,1.1768,0.0050,0.0050,0.0050
9,414,0.1198,0.9875,2.3381,0.0050,0.0050,0.0050
9,443,0.9013,-0.7216,-0.1255,0.0050,0.0050,0.0050
9,444,-0.8426,0.6236,-0.2516,0.0050,0.0050,0.0050
9,445,1.9927,-0.4335,1.4526,0.0050,0.0050,0.0050
9,459,2.6386,1.6149,3.1398,0.0050,0.0050,0.0050
9,460,1.1416,0.6794,0.7714,0.0050,0.0050,0.0050
9,473,-3.1659,0.4646,1.2118,0.0050,0.0050,0.0050
9,474,1.0061,-2.0353,2.6141,0.0050,0.0050,0.0050
9,489,-0.2399,0.5362,4.4198,0.0050,0.0050,0.0050
9,490,-1.7982,1.6292,3.0496,0.0050,0.0050,0.0050
9,503,-0.6117,-0.3003,1.1258,0.0050,0.0050,0.0050
9,504,-3.0019,-0.9977,-0.8081,0.0050,0.0050,0.0050
9,505,0.6509,-0.4532,-0.3195,0.0050,0.0050,0.0050
9,518,1.8953,-1.5375,3.0410,0.0050,0.0050,0.0050
9,519,-0.5874,0.8469,3.5929,0.0050,0.0050,0.0050
9,534,0.1923,-3.0165,0.9592,0.0050,0.0050,0.0050
9,564,0.1282,0.0232,1.3697,0.0050,0.0050,0.0050
9,578,-0.7026,-0.0816,3.3596,0.0050,0.0050,0.0050
9,579,-3.1211,-0.9096,-0.3038,0.0050,0.0050,0.0050
9,593,1.8992,-1.5430,0.3422,0.0050,0.0050,0.0050
9,594,0.9073,-1.1265,2.2054,0.0050,0.0050,0.0050
9,608,-1.0206,-0.6702,2.5841,0.0050,0.0050,0.0050
9,624,-2.2593,1.0110,2.2194,0.0050,0.0050,0.0050
9,640,1.6561,-1.5602,3.8907,0.0050,0.0050,0.0050
9,653,2.2888,-0.1875,1.5586,0.0050,0.0050,0.0050
9,654,-0.1733,-0.3070,1.1035,0.0050,0.0050,0.0050
9,668,-1.2624,1.2433,3.1106,0.0050,0.0050,0.0050
9,669,-2.3774,0.4138,-0.3211,0.0050,0.0050,0.0050
9,699,-0.9421,-0.2914,-1.6628,0.0050,0.0050,0.0050
9,700,-0.3273,-0.9334,0.1298,0.0050,0.0050,0.0050
9,713,-3.3789,0.9317,3.9429,0.0050,0.0050,0.0050
9,714,1.4352,0.3188,2.1052,0.0050,0.0050,0.0050
9,728,-1.1531,0.1501,1.3552,0.0050,0.0050,0.0050
9,743,-2.7645,-1.9352,1.8691,0.0050,0.0050,0.0050
9,744,-2.3294,0.4843,1.0497,0.0050,0.0050,0.0050
9,758,0.2588,3.0245,-0.3314,0.0050,0.0050,0.0050
9,759,0.2564,0.1224,-0.2871,0.0050,0.0050,0.0050
9,774,0.3331,-2.9541,2.0541,0.0050,0.0050,0.0050
9,804,-2.7786,-1.4578,2.0690,0.0050,0.0050,0.0050
9,818,0.9269,0.9778,2.3769,0.0050,0.0050,0.0050
9,819,-1.2911,-0.7460,0.5810,0.0050,0.0050,0.0050
9,834,-2.9462,-1.3804,2.8484,0.0050,0.0050,0.0050
9,849,-0.1387,-0.1536,1.7503,0.0050,0.0050,0.0050
9,864,-1.8778,-1.3971,0.8866,0.0050,0.0050,0.0050
9,865,-0.3346,-3.0055,2.9982,0.0050,0.0050,0.0050
9,879,0.4088,0.3179,0.3024,0.0050,0.0050,0.0050
9,880,-0.2905,-0.2819,3.4652,0.0050,0.0050,0.0050
9,894,0.1863,0.2317,0.3775,0.0050,0.0050,0.0050
9,908,1.5411,0.3748,0.3260,0.0050,0.0050,0.0050
9,909,-2.3155,-1.5466,-1.7167,0.0050,0.0050,0.0050
9,923,-1.9920,0.3085,1.2359,0.0050,0.0050,0.0050
9,924,0.0447,2.3548,0.8693,0.0050,0.0050,0.0050
9,925,3.8734,1.0325,3.2675,0.0050,0.0050,0.0050
9,940,4.0537,-1.2134,-0.0389,0.0050,0.0050,0.0050
9,968,-4.0193,1.2420,3.0224,0.0050,0.0050,0.0050
9,969,-1.6145,2.8507,-1.4249,0.0050,0.0050,0.0050
9,970,1.7254,0.6009,1.3420,0.0050,0.0050,0.0050
9,1000,2.5607,0.0978,0.6025,0.0050,0.0050,0.0050
9,1014,-2.4290,2.1301,2.6320,0.0050,0.0050,0.0050
9,1028,-1.0989,0.0649,-1.9248,0.0050,0.0050,0.0050
9,1030,1.9548,0.6329,2.1474,0.0050,0.0050,0.0050
9,1043,-3.3862,0.9113,2.7547,0.0050,0.0050,0.0050
9,1044,-1.2736,0.8233,1.5549,0.0050,0.0050,0.0050
9,1059,-2.8855,0.7098,3.8109,0.0050,0.0050,0.0050
9,1074,0.0691,-1.3118,4.0867,0.0050,0.0050,0.0050
9,1088,1.8761,0.3975,3.3915,0.0050,0.0050,0.0050
9,1089,0.3941,0.2558,0.8374,0.0050,0.0050,0.0050
9,1103,0.5347,-2.8927,3.1751,0.0050,0.0050,0.0050
9,1104,1.7485,-0.8398,1.2058,0.0050,0.0050,0.0050
9,1119,0.2689,1.5335,-0.0232,0.0050,0.0050,0.0050
9,1133,-0.5538,3.2550,3.1234,0.0050,0.0050,0.0050
9,1134,0.2593,-0.4795,-0.3373,0.0050,0.0050,0.0050
9,1135,2.0402,-0.8883,1.7689,0.0050,0.0050,0.0050
9,1148,-3.9991,-1.3510,3.3443,0.0050,0.0050,0.0050
9,1149,-1.7838,-2.7178,2.8151,0.0050,0.0050,0.0050
9,1163,-0.0603,0.5795,1.2315,0.0050,0.0050,0.0050
9,1164,2.7366,-1.3966,-0.2522,0.0050,0.0050,0.0050
9,1165,0.1594,-0.3058,2.2266,0.0050,0.0050,0.0050
9,1179,-0.0450,-0.0705,1.5254,0.0050,0.0050,0.0050
9,1180,0.7410,-0.4024,1.3429,0.0050,0.0050,0.0050
9,1194,1.6864,-0.2680,2.3147,0.0050,0.0050,0.0050
9,1195,0.9909,0.0478,0.6470,0.0050,0.0050,0.0050
10,10,0.2014,-0.2171,1.3705,0.0050,0.0050,0.0050
10,24,-1.8916,-1.8593,0.7644,0.0050,0.0050,0.0050
10,25,0.2453,-0.3611,-0.4234,0.0050,0.0050,0.0050
10,40,-0.2395,0.1649,-1.9817,0.0050,0.0050,0.0050
10,54,1.0921,0.6578,0.2869,0.0050,0.0050,0.0050
10,55,1.2071,1.1756,2.1510,0.0050,0.0050,0.0050
10,69,-2.2684,2.4113,2.6866,0.0050,0.0050,0.0050
10,100,0.6697,-1.5629,0.3162,0.0050,0.0050,0.0050
10,101,1.1313,0.3149,0.6105,0.0050,0.0050,0.0050
10,116,1.0473,-0.0503,-1.2064,0.0050,0.0050,0.0050
10,130,0.0979,0.0909,3.6800,0.0050,0.0050,0.0050
10,144,-1.2559,-1.1975,3.9537,0.0050,0.0050,0.0050
10,145,0.0218,-0.0119,-0.3460,0.0050,0.0050,0.0050
10,159,1.1783,2.1868,-0.9388,0.0050,0.0050,0.0050
10,160,-3.1594,-0.8874,0.4743,0.0050,0.0050,0.0050
10,161,1.4373,-0.1868,1.0084,0.0050,0.0050,0.0050
10,175,-0.3871,0.0835,1.5335,0.0050,0.0050,0.0050
10,204,1.6339,1.8548,2.5601,0.0050,0.0050,0.0050
10,205,-2.2841,0.5450,2.5102,0.0050,0.0050,0.0050
10,206,1.3588,-0.0271,-0.1960,0.0050,0.0050,0.0050
10,234,-1.1897,0.4186,1.8188,0.0050,0.0050,0.0050
10,235,-2.6333,1.2375,-0.8026,0.0050,0.0050,0.0050
10,236,0.0612,-1.6117,-0.3149,0.0050,0.0050,0.0050
10,249,-1.1803,-0.4786,1.4162,0.0050,0.0050,0.0050
10,250,-0.4440,-0.1389,-0.5309,0.0050,0.0050,0.0050
10,251,-0.6735,-1.4707,-1.5782,0.0050,0.0050,0.0050
10,265,-0.1165,-0.5918,0.4479,0.0050,0.0050,0.0050
10,266,0.3472,0.4734,4.8763,0.0050,0.0050,0.0050
10,280,-0.1532,0.0731,-0.1176,0.0050,0.0050,0.0050
10,295,1.1128,-2.8812,-0.8236,0.0050,0.0050,0.0050
10,296,0.1862,-1.1810,1.4330,0.0050,0.0050,0.0050
10,310,-2.7205,-1.8088,2.7862,0.0050,0.0050,0.0050
10,324,-0.7392,3.2056,0.8616,0.0050,0.0050,0.0050
10,325,-0.2344,0.4991,-0.5164,0.0050,0.0050,0.0050
10,326,2.7466,-0.0336,3.2572,0.0050,0.0050,0.0050
10,340,2.0876,1.6559,-0.0760,0.0050,0.0050,0.0050
10,354,-1.3437,-0.1339,4.2194,0.0050,0.0050,0.0050
10,355,0.0558,-0.1580,0.6602,0.0050,0.0050,0.0050
10,370,0.9320,-2.7990,-0.4102,0.0050,0.0050,0.0050
10,371,1.4438,-0.0633,1.7839,0.0050,0.0050,0.0050
10,386,2.0956,1.6031,1.6373,0.0050,0.0050,0.0050
10,401,1.9888,2.3591,-1.6319,0.0050,0.0050,0.0050
10,414,-0.8827,0.9912,2.3374,0.0050,0.0050,0.0050
10,430,0.1958,-0.3313,-0.8058,0.0050,0.0050,0.0050
10,431,3.8816,-0.8811,0.7389,0.0050,0.0050,0.0050
10,444,-1.8365,0.6298,-0.2519,0.0050,0.0050,0.0050
10,445,0.9817,-0.4384,1.4601,0.0050,0.0050,0.0050
10,446,0.8405,0.0909,0.5857,0.0050,0.0050,0.0050
10,459,1.6463,1.6055,3.1422,0.0050,0.0050,0.0050
10,460,0.1392,0.6780,0.7728,0.0050,0.0050,0.0050
10,489,-1.2357,0.5299,4.4111,0.0050,0.0050,0.0050
10,490,-2.8103,1.6242,3.0484,0.0050,0.0050,0.0050
10,491,4.2177,0.6745,0.6931,0.0050,0.0050,0.0050
10,504,-4.0050,-1.0095,-0.7957,0.0050,0.0050,0.0050
10,505,-0.3511,-0.4506,-0.3251,0.0050,0.0050,0.0050
10,506,1.0714,0.0280,0.2116,0.0050,0.0050,0.0050
10,520,-0.5548,0.9997,1.8509,0.0050,0.0050,0.0050
10,521,-0.8768,-1.6356,1.8864,0.0050,0.0050,0.0050
10,534,-0.8085,-3.0217,0.9536,0.0050,0.0050,0.0050
10,550,2.0231,2.4001,-1.6158,0.0050,0.0050,0.0050
10,551,2.7158,2.7114,0.7314,0.0050,0.0050,0.0050
10,579,-4.1222,-0.9046,-0.3030,0.0050,0.0050,0.0050
10,594,-0.1035,-1.1228,2.2040,0.0050,0.0050,0.0050
10,595,-2.0749,2.0465,-0.8291,0.0050,0.0050,0.0050
10,596,2.6737,2.7127,-0.9415,0.0050,0.0050,0.0050
10,640,0.6480,-1.5549,3.8793,0.0050,0.0050,0.0050
10,641,-1.3144,2.1134,2.5178,0.0050,0.0050,0.0050
10,654,-1.1758,-0.2961,1.0932,0.0050,0.0050,0.0050
10,655,0.4273,2.8628,2.2845,0.0050,0.0050,0.0050
10,656,0.6939,-0.1323,2.9583,0.0050,0.0050,0.0050
10,671,1.4658,0.0135,1.0391,0.0050,0.0050,0.0050
10,685,0.0599,3.2000,1.7059,0.0050,0.0050,0.0050
10,686,1.8227,1.7678,1.7765,0.0050,0.0050,0.0050
10,699,-1.9405,-0.2690,-1.6622,0.0050,0.0050,0.0050
10,700,-1.3177,-0.9381,0.1401,0.0050,0.0050,0.0050
10,701,-1.2099,0.3890,-1.9658,0.0050,0.0050,0.0050
10,716,0.3250,-2.0437,0.2676,0.0050,0.0050,0.0050
10,744,-3.3317,0.5012,1.0502,0.0050,0.0050,0.0050
10,745,0.3829,0.2397,-0.4517,0.0050,0.0050,0.0050
10,774,-0.6619,-2.9596,2.0522,0.0050,0.0050,0.0050
10,775,0.0508,0.0363,-0.4145,0.0050,0.0050,0.0050
10,776,3.7762,0.9110,-0.1643,0.0050,0.0050,0.0050
10,790,0.4466,-1.6736,0.9558,0.0050,0.0050,0.0050
10,804,-3.7727,-1.4582,2.0720,0.0050,0.0050,0.0050
10,819,-2.2991,-0.7521,0.5861,0.0050,0.0050,0.0050
10,820,-0.3847,-2.4601,0.0265,0.0050,0.0050,0.0050
10,835,0.9183,-0.7363,1.8420,0.0050,0.0050,0.0050
10,850,-1.0738,-2.0633,0.8202,0.0050,0.0050,0.0050
10,865,-1.3434,-3.0001,2.9930,0.0050,0.0050,0.0050
10,880,-1.2929,-0.2861,3.4624,0.0050,0.0050,0.0050
10,881,0.5061,-0.2104,0.7942,0.0050,0.0050,0.0050
10,894,-0.8105,0.2413,0.3781,0.0050,0.0050,0.0050
10,896,3.2834,-2.0099,3.0261,0.0050,0.0050,0.0050
10,910,0.1927,-0.1137,-0.6766,0.0050,0.0050,0.0050
10,925,2.8851,1.0273,3.2640,0.0050,0.0050,0.0050
10,940,3.0506,-1.2209,-0.0378,0.0050,0.0050,0.0050
10,956,0.0885,0.2690,1.3069,0.0050,0.0050,0.0050
10,970,0.7470,0.6123,1.3337,0.0050,0.0050,0.0050
10,986,1.1717,0.1116,0.3149,0.0050,0.0050,0.0050
10,1000,1.5621,0.0928,0.6059,0.0050,0.0050,0.0050
10,1014,-3.4314,2.1253,2.6206,0.0050,0.0050,0.0050
10,1030,0.9607,0.6324,2.1457,0.0050,0.0050,0.0050
10,1044,-2.2693,0.8130,1.5569,0.0050,0.0050,0.0050
10,1046,4.1288,0.9963,2.7430,0.0050,0.0050,0.0050
10,1061,-1.1267,0.8102,0.5249,0.0050,0.0050,0.0050
10,1074,-0.9234,-1.3203,4.0913,0.0050,0.0050,0.0050
10,1075,-1.5391,0.6239,0.7523,0.0050,0.0050,0.0050
10,1091,1.0711,0.4959,1.0049,0.0050,0.0050,0.0050
10,1104,0.7531,-0.8504,1.2140,0.0050,0.0050,0.0050
10,1119,-0.7355,1.5244,-0.0204,0.0050,0.0050,0.0050
10,1135,1.0246,-0.8963,1.7664,0.0050,0.0050,0.0050
10,1136,1.4296,1.7217,4.2185,0.0050,0.0050,0.0050
10,1149,-2.7929,-2.7194,2.8189,0.0050,0.0050,0.0050
10,1151,-1.8590,-1.1256,1.4583,0.0050,0.0050,0.0050
10,1165,-0.8367,-0.3015,2.2195,0.0050,0.0050,0.0050
10,1179,-1.0319,-0.0684,1.5254,0.0050,0.0050,0.0050
10,1180,-0.2551,-0.4077,1.3571,0.0050,0.0050,0.0050
10,1181,1.1709,0.2519,-0.4969,0.0050,0.0050,0.0050
10,1194,0.6858,-0.2609,2.3204,0.0050,0.0050,0.0050
10,1195,-0.0184,0.0502,0.6378,0.0050,0.0050,0.0050
11,10,-0.8117,-0.2172,1.3617,0.0050,0.0050,0.0050
11,12,0.9569,-0.0837,-1.9814,0.0050,0.0050,0.0050
11,40,-1.2369,0.1758,-1.9843,0.0050,0.0050,0.0050
11,55,0.2105,1.1736,2.1567,0.0050,0.0050,0.0050
11,71,-2.0961,-2.3039,-0.0431,0.0050,0.0050,0.0050
11,72,0.3832,-2.7482,2.8073,0.0050,0.0050,0.0050
11,100,-0.3302,-1.5585,0.3061,0.0050,0.0050,0.0050
11,101,0.1203,0.3222,0.6170,0.0050,0.0050,0.0050
11,116,0.0498,-0.0498,-1.2051,0.0050,0.0050,0.0050
11,130,-0.9038,0.0943,3.6896,0.0050,0.0050,0.0050
11,132,2.0554,-2.6771,3.2334,0.0050,0.0050,0.0050
11,146,-0.1681,0.3028,1.3019,0.0050,0.0050,0.0050
11,161,0.4354,-0.1918,1.0128,0.0050,0.0050,0.0050
11,162,1.6895,0.2489,1.5812,0.0050,0.0050,0.0050
11,176,-0.5041,0.5620,-0.5060,0.0050,0.0050,0.0050
11,192,1.2222,0.3228,-0.1731,0.0050,0.0050,0.0050
11,206,0.3654,-0.0208,-0.2022,0.0050,0.0050,0.0050
11,207,0.2704,-0.3084,0.7457,0.0050,0.0050,0.0050
11,222,0.0856,-2.3343,-0.6375,0.0050,0.0050,0.0050
11,235,-3.6459,1.2303,-0.7943,0.0050,0.0050,0.0050
11,236,-0.9435,-1.6073,-0.3191,0.0050,0.0050,0.0050
11,237,-0.4928,-0.1486,-0.5912,0.0050,0.0050,0.0050
11,250,-1.4426,-0.1316,-0.5441,0.0050,0.0050,0.0050
11,251,-1.6717,-1.4751,-1.5791,0.0050,0.0050,0.0050
11,266,-0.6582,0.4735,4.8805,0.0050,0.0050,0.0050
11,281,0.1023,-0.5686,1.7595,0.0050,0.0050,0.0050
11,295,0.1125,-2.8768,-0.8283,0.0050,0.0050,0.0050
11,296,-0.8181,-1.1883,1.4306,0.0050,0.0050,0.0050
11,310,-3.7187,-1.8096,2.7874,0.0050,0.0050,0.0050
11,312,1.3979,0.2490,0.9480,0.0050,0.0050,0.0050
11,325,-1.2242,0.4909,-0.5215,0.0050,0.0050,0.0050
11,326,1.7429,-0.0361,3.2551,0.0050,0.0050,0.0050
11,327,0.9032,0.8024,-2.0291,0.0050,0.0050,0.0050
11,340,1.0953,1.6597,-0.0797,0.0050,0.0050,0.0050
11,341,1.9966,-1.6745,2.4230,0.0050,0.0050,0.0050
11,356,0.0446,-0.8904,3.3027,0.0050,0.0050,0.0050
11,357,0.9897,0.4328,0.9200,0.0050,0.0050,0.0050
11,370,-0.0674,-2.7869,-0.4102,0.0050,0.0050,0.0050
11,371,0.4528,-0.0483,1.7782,0.0050,0.0050,0.0050
11,386,1.1002,1.6065,1.6464,0.0050,0.0050,0.0050
11,401,0.9904,2.3523,-1.6309,0.0050,0.0050,0.0050
11,402,0.6655,-0.4037,0.7197,0.0050,0.0050,0.0050
11,430,-0.8128,-0.3133,-0.8137,0.0050,0.0050,0.0050
11,431,2.8701,-0.8999,0.7435,0.0050,0.0050,0.0050
11,432,1.0027,0.1070,0.5904,0.0050,0.0050,0.0050
11,446,-0.1649,0.0894,0.5712,0.0050,0.0050,0.0050
11,476,0.0348,0.2450,0.9433,0.0050,0.0050,0.0050
11,491,3.2146,0.6822,0.6871,0.0050,0.0050,0.0050
11,506,0.0723,0.0292,0.2146,0.0050,0.0050,0.0050
11,520,-1.5506,0.9939,1.8549,0.0050,0.0050,0.0050
11,521,-1.8875,-1.6421,1.8897,0.0050,0.0050,0.0050
11,522,-1.1730,-1.7147,-0.4005,0.0050,0.0050,0.0050
11,536,-1.6311,-0.2066,1.5452,0.0050,0.0050,0.0050
11,537,2.0881,-0.4824,4.2351,0.0050,0.0050,0.0050
11,550,1.0262,2.4039,-1.6313,0.0050,0.0050,0.0050
11,551,1.7144,2.7161,0.7357,0.0050,0.0050,0.0050
11,566,-0.1905,-0.0058,1.3095,0.0050,0.0050,0.0050
11,595,-3.0703,2.0483,-0.8202,0.0050,0.0050,0.0050
11,596,1.6712,2.7148,-0.9464,0.0050,0.0050,0.0050
11,597,0.8309,0.0803,-0.6459,0.0050,0.0050,0.0050
11,612,1.0275,0.4216,1.6922,0.0050,0.0050,0.0050
11,627,0.5592,0.0526,1.1142,0.0050,0.0050,0.0050
11,641,-2.3139,2.1064,2.5234,0.0050,0.0050,0.0050
11,655,-0.5708,2.8575,2.2842,0.0050,0.0050,0.0050
11,656,-0.3084,-0.1249,2.9587,0.0050,0.0050,0.0050
11,671,0.4618,-0.0008,1.0450,0.0050,0.0050,0.0050
11,685,-0.9455,3.2044,1.7001,0.0050,0.0050,0.0050
11,686,0.8152,1.7651,1.7758,0.0050,0.0050,0.0050
11,701,-2.2243,0.3893,-1.9659,0.0050,0.0050,0.0050
11,716,-0.6758,-2.0539,0.2694,0.0050,0.0050,0.0050
11,717,-0.7482,-2.3224,3.6829,0.0050,0.0050,0.0050
11,732,-1.2611,2.3870,-1.1024,0.0050,0.0050,0.0050
11,745,-0.6250,0.2405,-0.4474,0.0050,0.0050,0.0050
11,761,2.2153,-0.8580,-1.2016,0.0050,0.0050,0.0050
11,775,-0.9404,0.0360,-0.4088,0.0050,0.0050,0.0050
11,776,2.7802,0.9059,-0.1558,0.0050,0.0050,0.0050
11,790,-0.5608,-1.6756,0.9650,0.0050,0.0050,0.0050
11,792,-0.2292,2.3262,3.8229,0.0050,0.0050,0.0050
11,820,-1.3865,-2.4492,0.0264,0.0050,0.0050,0.0050
11,821,1.2955,3.0047,2.7909,0.0050,0.0050,0.0050
11,835,-0.0873,-0.7375,1.8385,0.0050,0.0050,0.0050
11,836,0.6544,1.7821,3.7967,0.0050,0.0050,0.0050
11,837,-0.6144,0.8250,1.8116,0.0050,0.0050,0.0050
11,850,-2.0578,-2.0532,0.8256,0.0050,0.0050,0.0050
11,867,-0.9462,2.6247,1.7228,0.0050,0.0050,0.0050
11,881,-0.4983,-0.2200,0.8008,0.0050,0.0050,0.0050
11,896,2.2877,-2.0038,3.0266,0.0050,0.0050,0.0050
11,897,1.1231,-0.6018,1.2320,0.0050,0.0050,0.0050
11,910,-0.8059,-0.1173,-0.6713,0.0050,0.0050,0.0050
11,911,1.0165,0.1522,-0.8628,0.0050,0.0050,0.0050
11,912,2.5016,-2.6999,3.1256,0.0050,0.0050,0.0050
11,927,0.3081,2.4778,-1.1986,0.0050,0.0050,0.0050
11,956,-0.9003,0.2651,1.3062,0.0050,0.0050,0.0050
11,957,1.8251,-2.8832,-0.7451,0.0050,0.0050,0.0050
11,971,-2.6002,0.3597,2.6412,0.0050,0.0050,0.0050
11,986,0.1689,0.1021,0.3090,0.0050,0.0050,0.0050
11,1001,3.1695,-0.6618,-0.3776,0.0050,0.0050,0.0050
11,1002,0.5339,-0.0772,0.2543,0.0050,0.0050,0.0050
11,1031,1.9363,-0.6017,3.4025,0.0050,0.0050,0.0050
11,1046,3.1280,0.9882,2.7444,0.0050,0.0050,0.0050
11,1047,2.2438,-0.0170,1.8778,0.0050,0.0050,0.0050
11,1061,-2.1240,0.8115,0.5125,0.0050,0.0050,0.0050
11,1062,2.2000,1.1259,4.3082,0.0050,0.0050,0.0050
11,1075,-2.5367,0.6195,0.7499,0.0050,0.0050,0.0050
11,1076,2.3799,-1.3312,3.7966,0.0050,0.0050,0.0050
11,1077,3.4023,0.4261,-1.8312,0.0050,0.0050,0.0050
11,1091,0.0789,0.5060,1.0123,0.0050,0.0050,0.0050
11,1107,-0.1227,-1.3824,0.5031,0.0050,0.0050,0.0050
11,1136,0.4509,1.7176,4.2149,0.0050,0.0050,0.0050
11,1137,1.0020,0.0065,0.9150,0.0050,0.0050,0.0050
11,1151,-2.8824,-1.1266,1.4594,0.0050,0.0050,0.0050
11,1152,0.9366,-0.7928,0.6304,0.0050,0.0050,0.0050
11,1181,0.1711,0.2388,-0.5100,0.0050,0.0050,0.0050
11,1182,1.2768,1.8525,4.0748,0.0050,0.0050,0.0050
11,1196,0.9416,-0.2692,4.4200,0.0050,0.0050,0.0050
11,1197,1.4006,-0.7632,4.3186,0.0050,0.0050,0.0050
12,12,-0.0488,-0.0643,-1.9757,0.0050,0.0050,0.0050
12,28,1.6390,-2.6799,0.2969,0.0050,0.0050,0.0050
12,57,0.0650,0.8897,1.7254,0.0050,0.0050,0.0050
12,58,0.6600,0.2656,1.1945,0.0050,0.0050,0.0050
12,71,-3.1070,-2.3108,-0.0436,0.0050,0.0050,0.0050
12,72,-0.6225,-2.7384,2.8080,0.0050,0.0050,0.0050
12,73,-0.6181,-1.9514,1.8344,0.0050,0.0050,0.0050
12,102,-3.2765,-0.1622,-0.1171,0.0050,0.0050,0.0050
12,118,0.7782,-0.9863,1.2862,0.0050,0.0050,0.0050
12,132,1.0481,-2.6840,3.2300,0.0050,0.0050,0.0050
12,133,0.5182,-0.6200,-1.5934,0.0050,0.0050,0.0050
12,146,-1.1693,0.2971,1.3024,0.0050,0.0050,0.0050
12,162,0.6838,0.2513,1.5701,0.0050,0.0050,0.0050
12,176,-1.4979,0.5660,-0.5083,0.0050,0.0050,0.0050
12,177,-0.1642,0.0554,1.1550,0.0050,0.0050,0.0050
12,192,0.2102,0.3298,-0.1827,0.0050,0.0050,0.0050
12,207,-0.7253,-0.3231,0.7467,0.0050,0.0050,0.0050
12,208,0.9604,0.1882,1.1462,0.0050,0.0050,0.0050
12,222,-0.9176,-2.3256,-0.6282,0.0050,0.0050,0.0050
12,237,-1.4894,-0.1500,-0.5825,0.0050,0.0050,0.0050
12,238,0.9685,0.0458,-0.4266,0.0050,0.0050,0.0050
12,267,-0.5107,-0.7124,-0.2477,0.0050,0.0050,0.0050
12,268,0.0811,-3.0280,1.7904,0.0050,0.0050,0.0050
12,281,-0.8903,-0.5680,1.7704,0.0050,0.0050,0.0050
12,312,0.3912,0.2419,0.9416,0.0050,0.0050,0.0050
12,313,1.4496,0.1624,1.1283,0.0050,0.0050,0.0050
12,327,-0.0975,0.8116,-2.0279,0.0050,0.0050,0.0050
12,341,0.9952,-1.6804,2.4220,0.0050,0.0050,0.0050
12,342,0.2610,0.5660,1.8780,0.0050,0.0050,0.0050
12,343,1.5134,-0.0045,1.8438,0.0050,0.0050,0.0050
12,356,-0.9488,-0.8942,3.3047,0.0050,0.0050,0.0050
12,357,-0.0176,0.4318,0.9259,0.0050,0.0050,0.0050
12,372,0.0965,-0.1999,0.3297,0.0050,0.0050,0.0050
12,373,3.4063,-1.2582,-1.3858,0.0050,0.0050,0.0050
12,387,-0.4410,-2.8357,2.9137,0.0050,0.0050,0.0050
12,388,3.3756,1.6393,-1.1273,0.0050,0.0050,0.0050
12,402,-0.3289,-0.4125,0.7164,0.0050,0.0050,0.0050
12,432,0.0155,0.1225,0.5743,0.0050,0.0050,0.0050
12,447,-1.6718,1.7146,4.0809,0.0050,0.0050,0.0050
12,463,0.9264,-0.0489,1.2321,0.0050,0.0050,0.0050
12,476,-0.9535,0.2463,0.9340,0.0050,0.0050,0.0050
12,493,0.3159,-0.2490,-0.5738,0.0050,0.0050,0.0050
12,507,1.2222,2.1276,0.5859,0.0050,0.0050,0.0050
12,508,0.9843,-0.0314,4.5148,0.0050,0.0050,0.0050
12,522,-2.1663,-1.6989,-0.3976,0.0050,0.0050,0.0050
12,536,-2.6253,-0.2117,1.5573,0.0050,0.0050,0.0050
12,537,1.1006,-0.4754,4.2354,0.0050,0.0050,0.0050
12,552,-3.1225,0.0257,0.6729,0.0050,0.0050,0.0050
12,566,-1.1903,0.0085,1.2970,0.0050,0.0050,0.0050
12,567,-0.3185,-0.2820,1.7197,0.0050,0.0050,0.0050
12,582,-1.2214,-0.1031,-1.0318,0.0050,0.0050,0.0050
12,597,-0.1771,0.0835,-0.6531,0.0050,0.0050,0.0050
12,612,0.0325,0.4243,1.7010,0.0050,0.0050,0.0050
12,613,1.7174,-2.6925,3.6057,0.0050,0.0050,0.0050
12,627,-0.4422,0.0520,1.1144,0.0050,0.0050,0.0050
12,628,0.8842,-0.0344,1.4414,0.0050,0.0050,0.0050
12,642,2.9380,-1.0074,0.3498,0.0050,0.0050,0.0050
12,643,-0.4388,1.4399,1.8362,0.0050,0.0050,0.0050
12,687,-2.6754,-0.9642,0.6135,0.0050,0.0050,0.0050
12,702,1.8107,0.5492,4.1531,0.0050,0.0050,0.0050
12,703,0.2690,1.0732,1.2803,0.0050,0.0050,0.0050
12,717,-1.7540,-2.3263,3.6788,0.0050,0.0050,0.0050
12,718,2.3702,-2.9369,-0.9422,0.0050,0.0050,0.0050
12,732,-2.2616,2.3876,-1.1122,0.0050,0.0050,0.0050
12,761,1.2186,-0.8611,-1.2056,0.0050,0.0050,0.0050
12,762,0.8507,-0.8676,1.8473,0.0050,0.0050,0.0050
12,777,-0.0405,-0.1799,0.6115,0.0050,0.0050,0.0050
12,792,-1.2156,2.3279,3.8252,0.0050,0.0050,0.0050
12,793,3.2521,-1.1877,-0.4410,0.0050,0.0050,0.0050
12,808,3.9961,-0.1094,3.2008,0.0050,0.0050,0.0050
12,821,0.3002,2.9937,2.7793,0.0050,0.0050,0.0050
12,836,-0.3441,1.7834,3.7963,0.0050,0.0050,0.0050
12,837,-1.6125,0.8237,1.7981,0.0050,0.0050,0.0050
12,852,-0.3625,0.3272,0.0263,0.0050,0.0050,0.0050
12,853,0.5965,-0.1358,0.7363,0.0050,0.0050,0.0050
12,867,-1.9551,2.6353,1.7241,0.0050,0.0050,0.0050
12,897,0.1128,-0.6060,1.2379,0.0050,0.0050,0.0050
12,898,0.7048,0.0791,1.5723,0.0050,0.0050,0.0050
12,911,0.0116,0.1442,-0.8778,0.0050,0.0050,0.0050
12,912,1.4953,-2.6997,3.1240,0.0050,0.0050,0.0050
12,927,-0.6964,2.4797,-1.2050,0.0050,0.0050,0.0050
12,928,-1.5231,-1.9463,2.0074,0.0050,0.0050,0.0050
12,943,4.2559,0.1526,-0.6024,0.0050,0.0050,0.0050
12,957,0.8245,-2.8883,-0.7442,0.0050,0.0050,0.0050
12,971,-3.5965,0.3608,2.6517,0.0050,0.0050,0.0050
12,973,0.9282,0.7403,4.7032,0.0050,0.0050,0.0050
12,1001,2.1724,-0.6695,-0.3873,0.0050,0.0050,0.0050
12,1002,-0.4702,-0.0901,0.2451,0.0050,0.0050,0.0050
12,1017,0.4929,0.9274,1.7847,0.0050,0.0050,0.0050
12,1031,0.9399,-0.5912,3.3834,0.0050,0.0050,0.0050
12,1032,-0.4849,-1.9085,0.8888,0.0050,0.0050,0.0050
12,1033,1.0262,0.0488,1.8411,0.0050,0.0050,0.0050
12,1047,1.2517,-0.0176,1.8881,0.0050,0.0050,0.0050
12,1062,1.2068,1.1264,4.3173,0.0050,0.0050,0.0050
12,1076,1.3874,-1.3269,3.8082,0.0050,0.0050,0.0050
12,1077,2.3984,0.4345,-1.8508,0.0050,0.0050,0.0050
12,1078,-1.2566,1.4757,-0.2680,0.0050,0.0050,0.0050
12,1092,-1.0654,-1.1620,1.6962,0.0050,0.0050,0.0050
12,1093,1.4628,2.7366,1.2373,0.0050,0.0050,0.0050
12,1107,-1.1103,-1.3827,0.5023,0.0050,0.0050,0.0050
12,1137,-0.0061,0.0070,0.9135,0.0050,0.0050,0.0050
12,1152,-0.0648,-0.7926,0.6264,0.0050,0.0050,0.0050
12,1153,-1.8616,1.5879,1.2069,0.0050,0.0050,0.0050
12,1167,-3.0344,-0.5611,3.7027,0.0050,0.0050,0.0050
12,1168,1.7353,1.5681,0.7677,0.0050,0.0050,0.0050
12,1182,0.2635,1.8439,4.0809,0.0050,0.0050,0.0050
12,1196,-0.0550,-0.2762,4.4245,0.0050,0.0050,0.0050
12,1197,0.4011,-0.7708,4.3159,0.0050,0.0050,0.0050
13,14,-1.0151,1.3956,-2.0155,0.0050,0.0050,0.0050
13,28,0.6280,-2.6805,0.2871,0.0050,0.0050,0.0050
13,43,0.1822,2.2834,0.4113,0.0050,0.0050,0.0050
13,57,-0.9356,0.8922,1.7300,0.0050,0.0050,0.0050
13,58,-0.3295,0.2697,1.1906,0.0050,0.0050,0.0050
13,73,-1.6217,-1.9544,1.8467,0.0050,0.0050,0.0050
13,88,0.4729,1.2462,3.2701,0.0050,0.0050,0.0050
13,102,-4.2851,-0.1576,-0.1192,0.0050,0.0050,0.0050
13,104,1.7197,0.2836,-0.6789,0.0050,0.0050,0.0050
13,118,-0.2120,-0.9925,1.2947,0.0050,0.0050,0.0050
13,133,-0.4672,-0.6285,-1.5913,0.0050,0.0050,0.0050
13,148,-0.3596,1.8561,-1.7147,0.0050,0.0050,0.0050
13,149,1.5429,-2.0500,3.1279,0.0050,0.0050,0.0050
13,163,0.4373,-0.1081,-1.6963,0.0050,0.0050,0.0050
13,164,0.6632,0.3903,-0.1726,0.0050,0.0050,0.0050
13,177,-1.1644,0.0631,1.1438,0.0050,0.0050,0.0050
13,178,-0.0532,0.1978,-0.5202,0.0050,0.0050,0.0050
13,193,3.0896,0.8215,-0.5884,0.0050,0.0050,0.0050
13,194,1.8325,2.2085,-1.3238,0.0050,0.0050,0.0050
13,208,-0.0463,0.1894,1.1523,0.0050,0.0050,0.0050
13,223,0.2532,-0.1786,0.6961,0.0050,0.0050,0.0050
13,224,-1.7801,0.7185,3.4144,0.0050,0.0050,0.0050
13,238,-0.0367,0.0529,-0.4254,0.0050,0.0050,0.0050
13,253,0.2859,0.8573,-1.0106,0.0050,0.0050,0.0050
13,267,-1.5167,-0.7318,-0.2508,0.0050,0.0050,0.0050
13,268,-0.9163,-3.0258,1.7959,0.0050,0.0050,0.0050
13,283,-1.9358,-1.3367,0.4431,0.0050,0.0050,0.0050
13,313,0.4474,0.1567,1.1348,0.0050,0.0050,0.0050
13,329,-0.9134,-1.8472,3.5369,0.0050,0.0050,0.0050
13,342,-0.7405,0.5662,1.8816,0.0050,0.0050,0.0050
13,343,0.5049,0.0087,1.8300,0.0050,0.0050,0.0050
13,372,-0.9068,-0.1932,0.3226,0.0050,0.0050,0.0050
13,373,2.3980,-1.2645,-1.3848,0.0050,0.0050,0.0050
13,374,-0.7710,-1.2705,0.5591,0.0050,0.0050,0.0050
13,387,-1.4468,-2.8425,2.9138,0.0050,0.0050,0.0050
13,388,2.3836,1.6532,-1.1287,0.0050,0.0050,0.0050
13,434,0.5969,0.0567,1.1773,0.0050,0.0050,0.0050
13,447,-2.6585,1.7146,4.0873,0.0050,0.0050,0.0050
13,448,-1.7086,-1.2088,0.4368,0.0050,0.0050,0.0050
13,449,-0.7313,2.7075,-1.7797,0.0050,0.0050,0.0050
13,463,-0.0627,-0.0513,1.2294,0.0050,0.0050,0.0050
13,493,-0.6665,-0.2389,-0.5779,0.0050,0.0050,0.0050
13,507,0.2150,2.1426,0.5967,0.0050,0.0050,0.0050
13,508,-0.0139,-0.0343,4.5288,0.0050,0.0050,0.0050
13,523,-2.1596,-2.4786,-1.1609,0.0050,0.0050,0.0050
13,538,-0.5542,1.6875,0.0894,0.0050,0.0050,0.0050
13,552,-4.1189,0.0237,0.6814,0.0050,0.0050,0.0050
13,567,-1.3255,-0.2769,1.7267,0.0050,0.0050,0.0050
13,582,-2.2047,-0.0963,-1.0247,0.0050,0.0050,0.0050
13,583,-1.4969,1.7856,2.4215,0.0050,0.0050,0.0050
13,599,2.5971,-2.6368,0.6316,0.0050,0.0050,0.0050
13,613,0.7176,-2.6964,3.6069,0.0050,0.0050,0.0050
13,628,-0.1169,-0.0255,1.4439,0.0050,0.0050,0.0050
13,642,1.9410,-1.0058,0.3557,0.0050,0.0050,0.0050
13,643,-1.4444,1.4431,1.8346,0.0050,0.0050,0.0050
13,673,-0.4055,-0.1449,1.2117,0.0050,0.0050,0.0050
13,674,1.3424,-0.4479,2.8191,0.0050,0.0050,0.0050
13,687,-3.6758,-0.9657,0.6042,0.0050,0.0050,0.0050
13,689,-1.9341,-1.3350,2.1824,0.0050,0.0050,0.0050
13,702,0.8173,0.5490,4.1529,0.0050,0.0050,0.0050
13,703,-0.7217,1.0722,1.2738,0.0050,0.0050,0.0050
13,718,1.3695,-2.9357,-0.9534,0.0050,0.0050,0.0050
13,748,-0.5173,2.5919,3.9088,0.0050,0.0050,0.0050
13,749,1.9066,0.7825,1.3979,0.0050,0.0050,0.0050
13,762,-0.1654,-0.8666,1.8363,0.0050,0.0050,0.0050
13,763,0.3619,1.9817,2.7720,0.0050,0.0050,0.0050
13,777,-1.0383,-0.1789,0.6131,0.0050,0.0050,0.0050
13,779,0.5550,-2.2903,3.8052,0.0050,0.0050,0.0050
13,793,2.2522,-1.1801,-0.4466,0.0050,0.0050,0.0050
13,794,2.3194,-0.9200,4.0258,0.0050,0.0050,0.0050
13,808,2.9941,-0.0995,3.2046,0.0050,0.0050,0.0050
13,824,3.0618,-1.0878,-0.2536,0.0050,0.0050,0.0050
13,839,1.0718,0.4903,3.7204,0.0050,0.0050,0.0050
13,852,-1.3705,0.3229,0.0405,0.0050,0.0050,0.0050
13,853,-0.3973,-0.1242,0.7312,0.0050,0.0050,0.0050
13,868,-1.1559,0.2380,2.1471,0.0050,0.0050,0.0050
13,869,0.0039,1.7996,0.6831,0.0050,0.0050,0.0050
13,883,-3.2462,-0.0983,3.2697,0.0050,0.0050,0.0050
13,898,-0.2897,0.0788,1.5719,0.0050,0.0050,0.0050
13,899,-1.2999,-2.3213,1.0607,0.0050,0.0050,0.0050
13,913,-0.1127,3.2187,-0.4674,0.0050,0.0050,0.0050
13,928,-2.5241,-1.9448,2.0205,0.0050,0.0050,0.0050
13,929,3.5696,1.3475,0.0547,0.0050,0.0050,0.0050
13,943,3.2508,0.1442,-0.5988,0.0050,0.0050,0.0050
13,944,1.0564,0.2735,0.4932,0.0050,0.0050,0.0050
13,959,-1.1725,1.6531,3.9157,0.0050,0.0050,0.0050
13,973,-0.0734,0.7378,4.6977,0.0050,0.0050,0.0050
13,989,1.4006,0.4546,4.1070,0.0050,0.0050,0.0050
13,1004,2.7305,0.7033,2.3766,0.0050,0.0050,0.0050
13,1017,-0.4980,0.9324,1.7785,0.0050,0.0050,0.0050
13,1032,-1.4754,-1.9244,0.8837,0.0050,0.0050,0.0050
13,1033,0.0293,0.0512,1.8356,0.0050,0.0050,0.0050
13,1048,0.6124,1.2927,1.9763,0.0050,0.0050,0.0050
13,1063,-2.2124,2.0630,1.7466,0.0050,0.0050,0.0050
13,1064,2.1595,-0.8868,1.2642,0.0050,0.0050,0.0050
13,1078,-2.2420,1.4806,-0.2729,0.0050,0.0050,0.0050
13,1092,-2.0644,-1.1494,1.7074,0.0050,0.0050,0.0050
13,1093,0.4647,2.7338,1.2484,0.0050,0.0050,0.0050
13,1094,2.1152,0.3313,-1.6504,0.0050,0.0050,0.0050
13,1123,0.8063,0.9935,0.6422,0.0050,0.0050,0.0050
13,1124,-1.1993,0.2055,0.1249,0.0050,0.0050,0.0050
13,1153,-2.8660,1.5901,1.2009,0.0050,0.0050,0.0050
13,1154,1.8735,1.3962,2.8222,0.0050,0.0050,0.0050
13,1167,-4.0479,-0.5568,3.7090,0.0050,0.0050,0.0050
13,1168,0.7404,1.5721,0.7697,0.0050,0.0050,0.0050
13,1169,0.8280,1.3192,0.9845,0.0050,0.0050,0.0050
13,1184,2.5934,-0.8559,1.3592,0.0050,0.0050,0.0050
14,14,-2.0070,1.4036,-2.0149,0.0050,0.0050,0.0050
14,30,1.1544,-0.3682,1.1056,0.0050,0.0050,0.0050
14,43,-0.8189,2.2821,0.4064,0.0050,0.0050,0.0050
14,44,-1.1182,-1.9907,2.4073,0.0050,0.0050,0.0050
14,60,0.8494,0.1557,4.4764,0.0050,0.0050,0.0050
14,88,-0.5274,1.2419,3.2559,0.0050,0.0050,0.0050
14,89,-0.1919,-0.2128,0.4967,0.0050,0.0050,0.0050
14,104,0.7217,0.2935,-0.6721,0.0050,0.0050,0.0050
14,120,3.1081,-1.1051,-1.0053,0.0050,0.0050,0.0050
14,135,3.1810,-1.6405,0.6941,0.0050,0.0050,0.0050
14,148,-1.3558,1.8465,-1.7044,0.0050,0.0050,0.0050
14,149,0.5276,-2.0564,3.1199,0.0050,0.0050,0.0050
14,150,2.4527,1.7005,0.3533,0.0050,0.0050,0.0050
14,163,-0.5657,-0.1015,-1.6981,0.0050,0.0050,0.0050
14,164,-0.3382,0.3854,-0.1791,0.0050,0.0050,0.0050
14,165,2.3017,2.2963,-0.9876,0.0050,0.0050,0.0050
14,178,-1.0453,0.1959,-0.5115,0.0050,0.0050,0.0050
14,180,-1.4971,1.6462,1.3084,0.0050,0.0050,0.0050
14,193,2.0982,0.8164,-0.5844,0.0050,0.0050,0.0050
14,194,0.8232,2.2150,-1.3251,0.0050,0.0050,0.0050
14,195,4.1089,-0.3416,-1.0982,0.0050,0.0050,0.0050
14,210,-1.2726,-1.9060,2.9368,0.0050,0.0050,0.0050
14,223,-0.7437,-0.1868,0.6955,0.0050,0.0050,0.0050
14,224,-2.7698,0.7201,3.4184,0.0050,0.0050,0.0050
14,253,-0.7135,0.8564,-1.0054,0.0050,0.0050,0.0050
14,270,-2.1802,-0.8466,2.4493,0.0050,0.0050,0.0050
14,283,-2.9347,-1.3411,0.4446,0.0050,0.0050,0.0050
14,284,0.0080,0.1268,4.6531,0.0050,0.0050,0.0050
14,285,0.7230,-0.2098,1.0724,0.0050,0.0050,0.0050
14,299,2.3424,-1.9190,0.7311,0.0050,0.0050,0.0050
14,300,1.3988,1.8160,3.8984,0.0050,0.0050,0.0050
14,315,4.0149,1.0594,3.6173,0.0050,0.0050,0.0050
14,329,-1.9164,-1.8526,3.5232,0.0050,0.0050,0.0050
14,344,1.8950,-1.8144,3.8631,0.0050,0.0050,0.0050
14,359,0.1783,0.1421,-0.5051,0.0050,0.0050,0.0050
14,374,-1.7717,-1.2681,0.5502,0.0050,0.0050,0.0050
14,389,-0.0522,0.0403,0.1119,0.0050,0.0050,0.0050
14,390,-2.1203,-0.3025,3.6113,0.0050,0.0050,0.0050
14,404,0.1742,1.5756,4.2797,0.0050,0.0050,0.0050
14,420,-0.2484,-0.3054,0.9891,0.0050,0.0050,0.0050
14,434,-0.4067,0.0538,1.1929,0.0050,0.0050,0.0050
14,448,-2.7097,-1.2158,0.4322,0.0050,0.0050,0.0050
14,449,-1.7350,2.7023,-1.7893,0.0050,0.0050,0.0050
14,464,-0.0403,-0.4398,0.8950,0.0050,0.0050,0.0050
14,465,2.1137,0.9863,3.6451,0.0050,0.0050,0.0050
14,479,-0.9496,-2.2062,4.0139,0.0050,0.0050,0.0050
14,480,2.2493,-0.3456,2.9853,0.0050,0.0050,0.0050
14,494,-0.1111,-0.4604,0.9907,0.0050,0.0050,0.0050
14,510,2.0170,-0.0451,-0.7491,0.0050,0.0050,0.0050
14,523,-3.1628,-2.4804,-1.1580,0.0050,0.0050,0.0050
14,525,1.0463,-0.0142,1.1720,0.0050,0.0050,0.0050
14,538,-1.5482,1.6869,0.0772,0.0050,0.0050,0.0050
14,539,1.0276,-0.6546,-2.1268,0.0050,0.0050,0.0050
14,540,-0.5312,2.0797,2.6123,0.0050,0.0050,0.0050
14,555,-0.0075,1.7445,0.1768,0.0050,0.0050,0.0050
14,569,0.4004,0.0006,1.0895,0.0050,0.0050,0.0050
14,583,-2.4826,1.7768,2.4168,0.0050,0.0050,0.0050
14,599,1.5979,-2.6291,0.6321,0.0050,0.0050,0.0050
14,615,1.0941,0.5502,-0.2824,0.0050,0.0050,0.0050
14,629,1.0171,-1.8752,0.6473,0.0050,0.0050,0.0050
14,644,1.5684,-1.3574,2.1466,0.0050,0.0050,0.0050
14,645,1.3062,-0.3815,-0.2267,0.0050,0.0050,0.0050
14,673,-1.3967,-0.1466,1.2076,0.0050,0.0050,0.0050
14,674,0.3462,-0.4398,2.8114,0.0050,0.0050,0.0050
14,689,-2.9347,-1.3313,2.1783,0.0050,0.0050,0.0050
14,690,0.3779,-0.0166,4.3707,0.0050,0.0050,0.0050
14,735,3.0578,-0.8302,2.3944,0.0050,0.0050,0.0050
14,748,-1.5390,2.6065,3.8986,0.0050,0.0050,0.0050
14,749,0.9231,0.7862,1.4077,0.0050,0.0050,0.0050
14,763,-0.6375,1.9836,2.7668,0.0050,0.0050,0.0050
14,765,1.4194,-0.6173,1.9127,0.0050,0.0050,0.0050
14,779,-0.4412,-2.2860,3.8087,0.0050,0.0050,0.0050
14,780,2.4587,-0.1824,2.4843,0.0050,0.0050,0.0050
14,794,1.3130,-0.9218,4.0087,0.0050,0.0050,0.0050
14,824,2.0611,-1.0841,-0.2561,0.0050,0.0050,0.0050
14,839,0.0720,0.4868,3.7172,0.0050,0.0050,0.0050
14,840,-0.4520,-0.5074,2.1559,0.0050,0.0050,0.0050
14,868,-2.1532,0.2510,2.1369,0.0050,0.0050,0.0050
14,869,-0.9920,1.7969,0.6838,0.0050,0.0050,0.0050
14,870,1.1828,-1.4239,1.3286,0.0050,0.0050,0.0050
14,883,-4.2365,-0.0929,3.2575,0.0050,0.0050,0.0050
14,899,-2.2980,-2.3186,1.0579,0.0050,0.0050,0.0050
14,900,3.5695,2.0412,1.5736,0.0050,0.0050,0.0050
14,913,-1.0944,3.2177,-0.4752,0.0050,0.0050,0.0050
14,914,-0.0760,0.2739,0.4886,0.0050,0.0050,0.0050
14,915,1.5651,-0.3080,4.4798,0.0050,0.0050,0.0050
14,929,2.5829,1.3500,0.0429,0.0050,0.0050,0.0050
14,930,0.5557,-2.3668,0.3353,0.0050,0.0050,0.0050
14,944,0.0639,0.2755,0.4844,0.0050,0.0050,0.0050
14,959,-2.1709,1.6492,3.9148,0.0050,0.0050,0.0050
14,989,0.3891,0.4610,4.1159,0.0050,0.0050,0.0050
14,990,0.7178,0.3453,3.4884,0.0050,0.0050,0.0050
14,1004,1.7195,0.7073,2.3759,0.0050,0.0050,0.0050
14,1035,1.9178,0.2523,1.3480,0.0050,0.0050,0.0050
14,1048,-0.3917,1.3001,1.9814,0.0050,0.0050,0.0050
14,1063,-3.2121,2.0637,1.7531,0.0050,0.0050,0.0050
14,1064,1.1618,-0.8895,1.2682,0.0050,0.0050,0.0050
14,1080,0.1613,1.6859,2.2075,0.0050,0.0050,0.0050
14,1094,1.1200,0.3277,-1.6478,0.0050,0.0050,0.0050
14,1095,2.4789,-1.5097,2.2437,0.0050,0.0050,0.0050
14,1123,-0.1929,0.9944,0.6505,0.0050,0.0050,0.0050
14,1124,-2.1855,0.2176,0.1170,0.0050,0.0050,0.0050
14,1125,-1.9651,0.5497,3.7787,0.0050,0.0050,0.0050
14,1139,-0.0914,0.0224,-0.7277,0.0050,0.0050,0.0050
14,1140,2.5473,1.7656,1.9704,0.0050,0.0050,0.0050
14,1154,0.8622,1.4094,2.8126,0.0050,0.0050,0.0050
14,1169,-0.1808,1.3292,0.9760,0.0050,0.0050,0.0050
14,1184,1.5940,-0.8584,1.3612,0.0050,0.0050,0.0050
14,1199,-2.2662,-2.3677,-0.2354,0.0050,0.0050,0.0050
15,30,0.1464,-0.3702,1.1138,0.0050,0.0050,0.0050
15,44,-2.1110,-1.9798,2.4080,0.0050,0.0050,0.0050
15,60,-0.1539,0.1420,4.4762,0.0050,0.0050,0.0050
15,89,-1.1983,-0.2054,0.4845,0.0050,0.0050,0.0050
15,120,2.0978,-1.1226,-1.0131,0.0050,0.0050,0.0050
15,135,2.1861,-1.6368,0.6936,0.0050,0.0050,0.0050
15,150,1.4584,1.6962,0.3518,0.0050,0.0050,0.0050
15,165,1.3049,2.3036,-0.9932,0.0050,0.0050,0.0050
15,180,-2.5133,1.6315,1.3090,0.0050,0.0050,0.0050
15,195,3.1050,-0.3287,-1.0953,0.0050,0.0050,0.0050
15,210,-2.2849,-1.9000,2.9380,0.0050,0.0050,0.0050
15,270,-3.1699,-0.8368,2.4455,0.0050,0.0050,0.0050
15,284,-0.9867,0.1323,4.6585,0.0050,0.0050,0.0050
15,285,-0.2724,-0.2062,1.0647,0.0050,0.0050,0.0050
15,299,1.3424,-1.9109,0.7333,0.0050,0.0050,0.0050
15,300,0.4160,1.8111,3.8999,0.0050,0.0050,0.0050
15,315,3.0068,1.0597,3.6223,0.0050,0.0050,0.0050
15,344,0.8950,-1.8188,3.8721,0.0050,0.0050,0.0050
15,359,-0.7961,0.1290,-0.5094,0.0050,0.0050,0.0050
15,389,-1.0440,0.0276,0.1019,0.0050,0.0050,0.0050
15,390,-3.1299,-0.3123,3.6082,0.0050,0.0050,0.0050
15,404,-0.8304,1.5794,4.2851,0.0050,0.0050,0.0050
15,420,-1.2462,-0.3064,0.9985,0.0050,0.0050,0.0050
15,464,-1.0398,-0.4245,0.8885,0.0050,0.0050,0.0050
15,465,1.1008,0.9856,3.6523,0.0050,0.0050,0.0050
15,479,-1.9398,-2.1914,4.0056,0.0050,0.0050,0.0050
15,480,1.2493,-0.3714,2.9869,0.0050,0.0050,0.0050
15,494,-1.1093,-0.4610,0.9852,0.0050,0.0050,0.0050
15,510,1.0255,-0.0465,-0.7506,0.0050,0.0050,0.0050
15,525,0.0597,-0.0061,1.1767,0.0050,0.0050,0.0050
15,539,0.0291,-0.6576,-2.1334,0.0050,0.0050,0.0050
15,540,-1.5435,2.0764,2.6148,0.0050,0.0050,0.0050
15,555,-1.0104,1.7420,0.1752,0.0050,0.0050,0.0050
15,569,-0.6042,-0.0038,1.0833,0.0050,0.0050,0.0050
15,615,0.0867,0.5574,-0.2799,0.0050,0.0050,0.0050
15,629,0.0110,-1.8716,0.6405,0.0050,0.0050,0.0050
15,644,0.5838,-1.3730,2.1495,0.0050,0.0050,0.0050
15,645,0.3003,-0.3826,-0.2163,0.0050,0.0050,0.0050
15,690,-0.6247,-0.0300,4.3765,0.0050,0.0050,0.0050
15,735,2.0522,-0.8387,2.4020,0.0050,0.0050,0.0050
15,765,0.4221,-0.6166,1.9126,0.0050,0.0050,0.0050
15,780,1.4533,-0.1790,2.4786,0.0050,0.0050,0.0050
15,840,-1.4438,-0.5063,2.1543,0.0050,0.0050,0.0050
15,870,0.1698,-1.4289,1.3438,0.0050,0.0050,0.0050
15,900,2.5575,2.0362,1.5689,0.0050,0.0050,0.0050
15,914,-1.0785,0.2843,0.4835,0.0050,0.0050,0.0050
15,915,0.5573,-0.3164,4.4671,0.0050,0.0050,0.0050
15,930,-0.4377,-2.3638,0.3275,0.0050,0.0050,0.0050
15,990,-0.2778,0.3470,3.4918,0.0050,0.0050,0.0050
15,1035,0.9189,0.2444,1.3647,0.0050,0.0050,0.0050
15,1080,-0.8230,1.6715,2.1964,0.0050,0.0050,0.0050
15,1095,1.4766,-1.5035,2.2485,0.0050,0.0050,0.0050
15,1125,-2.9507,0.5539,3.7845,0.0050,0.0050,0.0050
15,1139,-1.0876,0.0305,-0.7394,0.0050,0.0050,0.0050
15,1140,1.5389,1.7754,1.9670,0.0050,0.0050,0.0050
15,1199,-3.2749,-2.3765,-0.2371,0.0050,0.0050,0.0050
